Robot X, Robot Y, Robot Yaw
(0.22, -1.77, 0.0),
(0.22, -1.77, 0.0),
(0.22, -1.77, 0.0),
(0.22, -1.77, 0.0),
(0.22, -1.77, 0.0),
(0.22, -1.77, 0.0),
(0.22, -1.77, 0.0),
(0.22, -1.77, 0.0),
(0.22, -1.77, 0.0),
(0.22, -1.77, 0.0),
(0.22, -1.77, 0.0),
(0.22, -1.77, 0.0),
(0.22, -1.77, 0.0),
(0.22, -1.77, 0.0),
(0.22, -1.77, 0.0),
(0.22, -1.77, 0.0),
(0.22, -1.77, 0.0),
(0.22, -1.77, 0.0),
(0.22, -1.77, 0.0),
(0.22, -1.77, 0.0),
(0.22, -1.77, 0.0),
(0.22, -1.77, 0.0),
(0.22, -1.77, 0.0),
(0.22, -1.77, 0.0),
(0.22, -1.77, 0.0),
(0.22, -1.77, 0.0),
(0.22, -1.77, 0.0),
(0.22, -1.77, 0.0),
(0.22, -1.77, 0.0),
(0.22, -1.77, 0.0),
(0.22, -1.77, 0.0),
(0.22, -1.77, 0.0),
(0.22, -1.77, 0.0),
(0.22, -1.77, 0.0),
(0.22, -1.77, 0.0),
(0.22, -1.77, 0.0),
(0.22, -1.77, 0.0),
(0.22, -1.77, 0.0),
(0.22, -1.77, 0.0),
(0.22, -1.77, 0.0),
(0.22, -1.77, 0.0),
(0.22, -1.77, 0.0),
(0.22, -1.77, 0.0),
(0.23, -1.77, 0.0),
(0.23, -1.77, 0.0),
(0.23, -1.77, 0.0),
(0.23, -1.77, 0.0),
(0.24, -1.77, -0.0),
(0.24, -1.77, -0.0),
(0.25, -1.77, -0.01),
(0.25, -1.77, -0.02),
(0.26, -1.77, -0.02),
(0.26, -1.77, -0.03),
(0.27, -1.77, -0.03),
(0.27, -1.77, -0.04),
(0.28, -1.77, -0.04),
(0.28, -1.77, -0.05),
(0.29, -1.77, -0.05),
(0.29, -1.77, -0.06),
(0.3, -1.77, -0.07),
(0.3, -1.77, -0.07),
(0.31, -1.77, -0.08),
(0.31, -1.77, -0.09),
(0.32, -1.77, -0.09),
(0.32, -1.77, -0.1),
(0.33, -1.77, -0.11),
(0.33, -1.77, -0.11),
(0.34, -1.77, -0.12),
(0.34, -1.77, -0.12),
(0.35, -1.77, -0.12),
(0.35, -1.77, -0.12),
(0.36, -1.78, -0.12),
(0.36, -1.78, -0.12),
(0.37, -1.78, -0.12),
(0.37, -1.78, -0.11),
(0.38, -1.78, -0.11),
(0.38, -1.78, -0.1),
(0.39, -1.78, -0.1),
(0.39, -1.78, -0.09),
(0.4, -1.78, -0.09),
(0.4, -1.78, -0.08),
(0.41, -1.78, -0.08),
(0.41, -1.78, -0.07),
(0.42, -1.78, -0.06),
(0.42, -1.78, -0.05),
(0.43, -1.78, -0.04),
(0.43, -1.78, -0.04),
(0.44, -1.78, -0.03),
(0.44, -1.78, -0.02),
(0.45, -1.78, -0.02),
(0.45, -1.78, -0.01),
(0.46, -1.78, -0.01),
(0.46, -1.78, -0.0),
(0.47, -1.78, 0.0),
(0.47, -1.78, 0.01),
(0.48, -1.78, 0.01),
(0.48, -1.78, 0.01),
(0.48, -1.78, 0.01),
(0.49, -1.78, 0.02),
(0.49, -1.78, 0.02),
(0.5, -1.78, 0.02),
(0.5, -1.78, 0.03),
(0.51, -1.78, 0.03),
(0.51, -1.78, 0.03),
(0.52, -1.78, 0.03),
(0.52, -1.78, 0.03),
(0.53, -1.78, 0.04),
(0.53, -1.78, 0.04),
(0.54, -1.78, 0.04),
(0.54, -1.78, 0.04),
(0.55, -1.78, 0.04),
(0.55, -1.78, 0.04),
(0.56, -1.78, 0.04),
(0.56, -1.78, 0.04),
(0.57, -1.78, 0.04),
(0.57, -1.78, 0.04),
(0.58, -1.78, 0.05),
(0.58, -1.78, 0.05),
(0.59, -1.78, 0.05),
(0.59, -1.78, 0.05),
(0.6, -1.78, 0.05),
(0.6, -1.78, 0.05),
(0.61, -1.78, 0.05),
(0.61, -1.78, 0.05),
(0.62, -1.78, 0.04),
(0.62, -1.78, 0.04),
(0.63, -1.78, 0.04),
(0.63, -1.78, 0.04),
(0.64, -1.78, 0.04),
(0.64, -1.78, 0.04),
(0.65, -1.78, 0.03),
(0.65, -1.78, 0.03),
(0.66, -1.78, 0.03),
(0.66, -1.78, 0.03),
(0.67, -1.77, 0.02),
(0.67, -1.77, 0.02),
(0.68, -1.77, 0.02),
(0.68, -1.77, 0.02),
(0.69, -1.77, 0.02),
(0.69, -1.77, 0.02),
(0.7, -1.77, 0.02),
(0.7, -1.77, 0.02),
(0.71, -1.77, 0.02),
(0.71, -1.77, 0.01),
(0.72, -1.77, 0.01),
(0.72, -1.77, 0.01),
(0.73, -1.77, 0.01),
(0.73, -1.77, 0.01),
(0.74, -1.77, 0.01),
(0.74, -1.77, 0.0),
(0.75, -1.77, 0.0),
(0.75, -1.77, 0.0),
(0.76, -1.77, -0.0),
(0.76, -1.77, -0.0),
(0.77, -1.77, -0.0),
(0.77, -1.77, -0.0),
(0.78, -1.77, -0.0),
(0.78, -1.77, -0.0),
(0.79, -1.77, -0.0),
(0.79, -1.77, -0.0),
(0.8, -1.77, -0.0),
(0.8, -1.77, -0.0),
(0.81, -1.77, -0.01),
(0.81, -1.77, -0.01),
(0.82, -1.77, -0.01),
(0.82, -1.77, -0.01),
(0.83, -1.77, -0.01),
(0.83, -1.77, -0.01),
(0.84, -1.77, -0.01),
(0.84, -1.77, -0.01),
(0.85, -1.77, -0.01),
(0.85, -1.77, -0.01),
(0.86, -1.77, -0.01),
(0.86, -1.77, -0.01),
(0.87, -1.77, -0.01),
(0.87, -1.77, -0.01),
(0.88, -1.77, -0.01),
(0.88, -1.77, -0.01),
(0.89, -1.77, -0.01),
(0.89, -1.77, -0.01),
(0.9, -1.77, -0.01),
(0.9, -1.77, -0.01),
(0.91, -1.77, -0.01),
(0.91, -1.77, -0.01),
(0.92, -1.77, -0.01),
(0.92, -1.77, -0.01),
(0.93, -1.77, -0.01),
(0.93, -1.78, -0.01),
(0.94, -1.78, -0.01),
(0.94, -1.78, -0.01),
(0.95, -1.78, -0.01),
(0.95, -1.78, -0.01),
(0.96, -1.78, -0.0),
(0.96, -1.78, -0.0),
(0.97, -1.78, -0.0),
(0.97, -1.78, -0.0),
(0.98, -1.78, -0.0),
(0.98, -1.78, -0.0),
(0.99, -1.78, 0.0),
(0.99, -1.78, 0.0),
(1.0, -1.78, 0.0),
(1.0, -1.78, 0.0),
(1.01, -1.78, 0.0),
(1.01, -1.78, 0.0),
(1.02, -1.78, 0.0),
(1.02, -1.78, 0.0),
(1.03, -1.78, 0.0),
(1.03, -1.78, 0.0),
(1.04, -1.78, 0.0),
(1.04, -1.78, 0.0),
(1.05, -1.78, 0.01),
(1.05, -1.78, 0.01),
(1.06, -1.78, 0.01),
(1.06, -1.78, 0.01),
(1.07, -1.77, 0.01),
(1.07, -1.77, 0.01),
(1.08, -1.77, 0.01),
(1.08, -1.77, 0.01),
(1.09, -1.77, 0.01),
(1.09, -1.77, 0.01),
(1.1, -1.77, 0.01),
(1.1, -1.77, 0.01),
(1.11, -1.77, 0.01),
(1.11, -1.77, 0.01),
(1.12, -1.77, 0.01),
(1.12, -1.77, 0.01),
(1.13, -1.77, 0.01),
(1.13, -1.77, 0.01),
(1.14, -1.77, 0.01),
(1.14, -1.77, 0.01),
(1.15, -1.77, 0.01),
(1.15, -1.77, 0.01),
(1.16, -1.77, 0.01),
(1.16, -1.77, 0.01),
(1.17, -1.77, 0.01),
(1.17, -1.77, 0.01),
(1.18, -1.77, 0.01),
(1.18, -1.77, 0.01),
(1.19, -1.77, 0.01),
(1.19, -1.77, 0.01),
(1.2, -1.77, 0.01),
(1.2, -1.77, 0.01),
(1.21, -1.77, 0.02),
(1.21, -1.77, 0.02),
(1.22, -1.77, 0.02),
(1.22, -1.77, 0.02),
(1.23, -1.77, 0.02),
(1.23, -1.77, 0.02),
(1.24, -1.77, 0.02),
(1.24, -1.77, 0.02),
(1.25, -1.77, 0.02),
(1.25, -1.77, 0.02),
(1.26, -1.77, 0.02),
(1.26, -1.77, 0.02),
(1.27, -1.77, 0.02),
(1.27, -1.77, 0.03),
(1.28, -1.77, 0.03),
(1.28, -1.77, 0.03),
(1.29, -1.77, 0.03),
(1.29, -1.77, 0.03),
(1.3, -1.77, 0.03),
(1.3, -1.77, 0.03),
(1.31, -1.77, 0.03),
(1.31, -1.77, 0.03),
(1.32, -1.77, 0.04),
(1.32, -1.77, 0.04),
(1.33, -1.77, 0.04),
(1.33, -1.77, 0.04),
(1.34, -1.77, 0.05),
(1.34, -1.77, 0.05),
(1.35, -1.77, 0.05),
(1.35, -1.77, 0.06),
(1.36, -1.77, 0.06),
(1.36, -1.77, 0.07),
(1.37, -1.77, 0.07),
(1.37, -1.77, 0.07),
(1.38, -1.77, 0.08),
(1.38, -1.77, 0.08),
(1.39, -1.77, 0.09),
(1.39, -1.77, 0.09),
(1.39, -1.77, 0.1),
(1.4, -1.77, 0.1),
(1.4, -1.76, 0.11),
(1.41, -1.76, 0.12),
(1.41, -1.76, 0.12),
(1.42, -1.76, 0.13),
(1.42, -1.76, 0.14),
(1.43, -1.76, 0.15),
(1.43, -1.76, 0.15),
(1.44, -1.76, 0.16),
(1.44, -1.76, 0.17),
(1.45, -1.76, 0.18),
(1.45, -1.76, 0.19),
(1.46, -1.76, 0.2),
(1.46, -1.76, 0.21),
(1.47, -1.75, 0.22),
(1.47, -1.75, 0.23),
(1.48, -1.75, 0.24),
(1.48, -1.75, 0.25),
(1.49, -1.75, 0.26),
(1.49, -1.75, 0.28),
(1.5, -1.75, 0.29),
(1.5, -1.75, 0.3),
(1.51, -1.74, 0.32),
(1.51, -1.74, 0.33),
(1.52, -1.74, 0.35),
(1.52, -1.74, 0.36),
(1.52, -1.74, 0.38),
(1.53, -1.74, 0.39),
(1.53, -1.73, 0.41),
(1.54, -1.73, 0.43),
(1.54, -1.73, 0.45),
(1.55, -1.73, 0.46),
(1.55, -1.73, 0.48),
(1.55, -1.72, 0.5),
(1.56, -1.72, 0.51),
(1.56, -1.72, 0.53),
(1.57, -1.72, 0.54),
(1.57, -1.71, 0.56),
(1.58, -1.71, 0.58),
(1.58, -1.71, 0.6),
(1.58, -1.71, 0.62),
(1.59, -1.7, 0.63),
(1.59, -1.7, 0.65),
(1.59, -1.7, 0.67),
(1.6, -1.69, 0.68),
(1.6, -1.69, 0.7),
(1.61, -1.69, 0.72),
(1.61, -1.68, 0.74),
(1.61, -1.68, 0.76),
(1.62, -1.68, 0.78),
(1.62, -1.67, 0.79),
(1.62, -1.67, 0.81),
(1.63, -1.67, 0.83),
(1.63, -1.66, 0.85),
(1.63, -1.66, 0.86),
(1.64, -1.66, 0.88),
(1.64, -1.65, 0.9),
(1.64, -1.65, 0.92),
(1.64, -1.65, 0.94),
(1.65, -1.64, 0.96),
(1.65, -1.64, 0.98),
(1.65, -1.63, 1.0),
(1.66, -1.63, 1.01),
(1.66, -1.63, 1.03),
(1.66, -1.62, 1.05),
(1.66, -1.62, 1.06),
(1.67, -1.61, 1.08),
(1.67, -1.61, 1.09),
(1.67, -1.6, 1.11),
(1.67, -1.6, 1.12),
(1.67, -1.6, 1.14),
(1.68, -1.59, 1.15),
(1.68, -1.59, 1.17),
(1.68, -1.58, 1.19),
(1.68, -1.58, 1.2),
(1.68, -1.57, 1.22),
(1.68, -1.57, 1.23),
(1.69, -1.56, 1.25),
(1.69, -1.56, 1.26),
(1.69, -1.55, 1.28),
(1.69, -1.55, 1.29),
(1.69, -1.55, 1.31),
(1.69, -1.54, 1.32),
(1.69, -1.54, 1.34),
(1.7, -1.53, 1.35),
(1.7, -1.53, 1.36),
(1.7, -1.52, 1.37),
(1.7, -1.52, 1.39),
(1.7, -1.51, 1.4),
(1.7, -1.51, 1.41),
(1.7, -1.5, 1.43),
(1.7, -1.5, 1.44),
(1.7, -1.49, 1.45),
(1.7, -1.49, 1.46),
(1.7, -1.48, 1.47),
(1.7, -1.48, 1.49),
(1.7, -1.47, 1.5),
(1.7, -1.47, 1.51),
(1.7, -1.46, 1.52),
(1.7, -1.46, 1.53),
(1.7, -1.45, 1.53),
(1.7, -1.45, 1.54),
(1.71, -1.44, 1.55),
(1.71, -1.44, 1.55),
(1.71, -1.43, 1.56),
(1.71, -1.43, 1.57),
(1.71, -1.42, 1.57),
(1.71, -1.42, 1.58),
(1.71, -1.41, 1.59),
(1.71, -1.41, 1.59),
(1.7, -1.4, 1.6),
(1.7, -1.4, 1.61),
(1.7, -1.39, 1.61),
(1.7, -1.39, 1.62),
(1.7, -1.38, 1.62),
(1.7, -1.38, 1.62),
(1.7, -1.37, 1.63),
(1.7, -1.37, 1.63),
(1.7, -1.36, 1.63),
(1.7, -1.36, 1.64),
(1.7, -1.35, 1.64),
(1.7, -1.35, 1.64),
(1.7, -1.34, 1.64),
(1.7, -1.34, 1.64),
(1.7, -1.33, 1.65),
(1.7, -1.33, 1.65),
(1.7, -1.32, 1.65),
(1.7, -1.32, 1.65),
(1.7, -1.31, 1.65),
(1.7, -1.31, 1.65),
(1.7, -1.3, 1.65),
(1.7, -1.3, 1.65),
(1.7, -1.3, 1.65),
(1.7, -1.29, 1.65),
(1.7, -1.29, 1.65),
(1.7, -1.28, 1.65),
(1.7, -1.28, 1.65),
(1.7, -1.27, 1.64),
(1.7, -1.27, 1.64),
(1.7, -1.26, 1.64),
(1.7, -1.26, 1.63),
(1.69, -1.25, 1.63),
(1.69, -1.25, 1.63),
(1.69, -1.24, 1.63),
(1.69, -1.24, 1.63),
(1.69, -1.23, 1.62),
(1.69, -1.23, 1.62),
(1.69, -1.22, 1.62),
(1.69, -1.22, 1.62),
(1.69, -1.21, 1.62),
(1.69, -1.21, 1.61),
(1.69, -1.2, 1.61),
(1.69, -1.2, 1.62),
(1.69, -1.19, 1.62),
(1.69, -1.19, 1.62),
(1.69, -1.18, 1.62),
(1.69, -1.18, 1.62),
(1.69, -1.17, 1.62),
(1.69, -1.17, 1.62),
(1.69, -1.16, 1.62),
(1.69, -1.16, 1.62),
(1.69, -1.15, 1.62),
(1.69, -1.15, 1.62),
(1.69, -1.14, 1.62),
(1.69, -1.14, 1.62),
(1.69, -1.13, 1.63),
(1.69, -1.13, 1.63),
(1.69, -1.12, 1.63),
(1.69, -1.12, 1.64),
(1.69, -1.11, 1.64),
(1.69, -1.11, 1.65),
(1.69, -1.1, 1.65),
(1.69, -1.1, 1.65),
(1.69, -1.09, 1.66),
(1.69, -1.09, 1.66),
(1.69, -1.08, 1.67),
(1.68, -1.08, 1.67),
(1.68, -1.07, 1.68),
(1.68, -1.07, 1.69),
(1.68, -1.06, 1.69),
(1.68, -1.06, 1.7),
(1.68, -1.05, 1.71),
(1.68, -1.05, 1.71),
(1.68, -1.04, 1.72),
(1.68, -1.04, 1.73),
(1.68, -1.03, 1.74),
(1.68, -1.03, 1.75),
(1.68, -1.02, 1.76),
(1.68, -1.02, 1.77),
(1.67, -1.01, 1.78),
(1.67, -1.01, 1.79),
(1.67, -1.0, 1.8),
(1.67, -1.0, 1.81),
(1.67, -0.99, 1.82),
(1.67, -0.99, 1.84),
(1.67, -0.99, 1.85),
(1.67, -0.98, 1.86),
(1.67, -0.98, 1.87),
(1.66, -0.97, 1.89),
(1.66, -0.97, 1.9),
(1.66, -0.96, 1.92),
(1.66, -0.96, 1.93),
(1.66, -0.95, 1.95),
(1.66, -0.95, 1.96),
(1.65, -0.94, 1.98),
(1.65, -0.94, 2.0),
(1.65, -0.94, 2.01),
(1.65, -0.93, 2.03),
(1.65, -0.93, 2.04),
(1.64, -0.92, 2.06),
(1.64, -0.92, 2.07),
(1.64, -0.91, 2.09),
(1.64, -0.91, 2.11),
(1.63, -0.91, 2.13),
(1.63, -0.9, 2.14),
(1.63, -0.9, 2.16),
(1.63, -0.89, 2.18),
(1.62, -0.89, 2.19),
(1.62, -0.89, 2.21),
(1.62, -0.88, 2.23),
(1.61, -0.88, 2.25),
(1.61, -0.87, 2.26),
(1.61, -0.87, 2.28),
(1.6, -0.87, 2.3),
(1.6, -0.86, 2.32),
(1.6, -0.86, 2.33),
(1.59, -0.86, 2.35),
(1.59, -0.85, 2.37),
(1.59, -0.85, 2.39),
(1.58, -0.85, 2.4),
(1.58, -0.84, 2.42),
(1.58, -0.84, 2.44),
(1.57, -0.84, 2.45),
(1.57, -0.83, 2.47),
(1.57, -0.83, 2.48),
(1.56, -0.83, 2.5),
(1.56, -0.83, 2.52),
(1.55, -0.82, 2.53),
(1.55, -0.82, 2.55),
(1.55, -0.82, 2.57),
(1.54, -0.82, 2.58),
(1.54, -0.81, 2.6),
(1.53, -0.81, 2.62),
(1.53, -0.81, 2.63),
(1.53, -0.81, 2.65),
(1.52, -0.8, 2.66),
(1.52, -0.8, 2.68),
(1.51, -0.8, 2.69),
(1.51, -0.8, 2.71),
(1.5, -0.79, 2.72),
(1.5, -0.79, 2.73),
(1.49, -0.79, 2.75),
(1.49, -0.79, 2.76),
(1.49, -0.79, 2.78),
(1.48, -0.79, 2.8),
(1.48, -0.78, 2.81),
(1.47, -0.78, 2.83),
(1.47, -0.78, 2.84),
(1.46, -0.78, 2.86),
(1.46, -0.78, 2.87),
(1.45, -0.78, 2.89),
(1.45, -0.78, 2.91),
(1.44, -0.77, 2.92),
(1.44, -0.77, 2.94),
(1.43, -0.77, 2.95),
(1.43, -0.77, 2.96),
(1.43, -0.77, 2.97),
(1.42, -0.77, 2.98),
(1.42, -0.77, 2.99),
(1.41, -0.77, 3.01),
(1.41, -0.77, 3.02),
(1.4, -0.77, 3.04),
(1.4, -0.77, 3.05),
(1.39, -0.77, 3.06),
(1.39, -0.77, 3.08),
(1.38, -0.77, 3.09),
(1.38, -0.77, 3.1),
(1.37, -0.77, 3.11),
(1.37, -0.77, 3.12),
(1.36, -0.77, 3.13),
(1.36, -0.77, -3.14),
(1.35, -0.77, -3.13),
(1.35, -0.77, -3.12),
(1.34, -0.77, -3.12),
(1.34, -0.77, -3.11),
(1.33, -0.77, -3.1),
(1.33, -0.77, -3.1),
(1.32, -0.77, -3.09),
(1.32, -0.77, -3.09),
(1.31, -0.77, -3.08),
(1.31, -0.77, -3.08),
(1.3, -0.77, -3.07),
(1.3, -0.77, -3.07),
(1.29, -0.77, -3.06),
(1.29, -0.77, -3.06),
(1.28, -0.77, -3.06),
(1.28, -0.77, -3.06),
(1.27, -0.77, -3.06),
(1.27, -0.77, -3.06),
(1.26, -0.77, -3.06),
(1.26, -0.77, -3.06),
(1.25, -0.77, -3.05),
(1.25, -0.77, -3.05),
(1.24, -0.77, -3.05),
(1.24, -0.77, -3.05),
(1.23, -0.77, -3.05),
(1.23, -0.77, -3.05),
(1.22, -0.77, -3.05),
(1.22, -0.77, -3.05),
(1.21, -0.78, -3.05),
(1.21, -0.78, -3.06),
(1.2, -0.78, -3.06),
(1.2, -0.78, -3.06),
(1.19, -0.78, -3.07),
(1.19, -0.78, -3.07),
(1.18, -0.78, -3.07),
(1.18, -0.78, -3.07),
(1.17, -0.78, -3.07),
(1.17, -0.78, -3.08),
(1.16, -0.78, -3.08),
(1.16, -0.78, -3.08),
(1.15, -0.78, -3.08),
(1.15, -0.78, -3.09),
(1.14, -0.78, -3.08),
(1.14, -0.78, -3.08),
(1.13, -0.78, -3.08),
(1.13, -0.78, -3.08),
(1.12, -0.78, -3.08),
(1.12, -0.78, -3.08),
(1.11, -0.78, -3.08),
(1.11, -0.78, -3.08),
(1.1, -0.78, -3.08),
(1.1, -0.78, -3.09),
(1.09, -0.78, -3.09),
(1.09, -0.78, -3.09),
(1.08, -0.78, -3.09),
(1.08, -0.78, -3.09),
(1.07, -0.78, -3.09),
(1.07, -0.78, -3.09),
(1.06, -0.78, -3.09),
(1.06, -0.78, -3.09),
(1.05, -0.79, -3.09),
(1.05, -0.79, -3.09),
(1.04, -0.79, -3.09),
(1.04, -0.79, -3.08),
(1.03, -0.79, -3.08),
(1.03, -0.79, -3.08),
(1.02, -0.79, -3.07),
(1.02, -0.79, -3.07),
(1.01, -0.79, -3.07),
(1.01, -0.79, -3.06),
(1.0, -0.79, -3.06),
(1.0, -0.79, -3.05),
(1.0, -0.79, -3.05),
(0.99, -0.79, -3.04),
(0.99, -0.79, -3.04),
(0.98, -0.79, -3.03),
(0.98, -0.79, -3.03),
(0.97, -0.79, -3.02),
(0.97, -0.79, -3.02),
(0.96, -0.79, -3.01),
(0.96, -0.79, -3.0),
(0.95, -0.79, -3.0),
(0.95, -0.8, -2.99),
(0.94, -0.8, -2.98),
(0.94, -0.8, -2.97),
(0.93, -0.8, -2.96),
(0.93, -0.8, -2.95),
(0.92, -0.8, -2.94),
(0.92, -0.8, -2.93),
(0.91, -0.8, -2.92),
(0.91, -0.8, -2.91),
(0.9, -0.8, -2.9),
(0.9, -0.81, -2.89),
(0.89, -0.81, -2.88),
(0.89, -0.81, -2.86),
(0.88, -0.81, -2.85),
(0.88, -0.81, -2.83),
(0.87, -0.81, -2.82),
(0.87, -0.81, -2.81),
(0.87, -0.82, -2.8),
(0.86, -0.82, -2.78),
(0.86, -0.82, -2.77),
(0.85, -0.82, -2.75),
(0.85, -0.82, -2.74),
(0.84, -0.82, -2.72),
(0.84, -0.83, -2.71),
(0.83, -0.83, -2.69),
(0.83, -0.83, -2.67),
(0.82, -0.83, -2.66),
(0.82, -0.84, -2.64),
(0.82, -0.84, -2.62),
(0.81, -0.84, -2.62),
(0.81, -0.84, -2.6),
(0.81, -0.84, -2.59),
(0.8, -0.85, -2.57),
(0.8, -0.85, -2.55),
(0.79, -0.85, -2.53),
(0.79, -0.85, -2.51),
(0.79, -0.86, -2.49),
(0.78, -0.86, -2.47),
(0.78, -0.86, -2.46),
(0.77, -0.87, -2.44),
(0.77, -0.87, -2.42),
(0.77, -0.87, -2.4),
(0.76, -0.88, -2.38),
(0.76, -0.88, -2.37),
(0.76, -0.88, -2.37),
(0.75, -0.89, -2.36),
(0.75, -0.89, -2.34),
(0.75, -0.89, -2.32),
(0.74, -0.9, -2.3),
(0.74, -0.9, -2.29),
(0.74, -0.9, -2.29),
(0.73, -0.91, -2.28),
(0.73, -0.91, -2.27),
(0.73, -0.91, -2.26),
(0.73, -0.92, -2.24),
(0.72, -0.92, -2.23),
(0.72, -0.93, -2.22),
(0.72, -0.93, -2.2),
(0.71, -0.93, -2.19),
(0.71, -0.94, -2.18),
(0.71, -0.94, -2.16),
(0.71, -0.95, -2.15),
(0.7, -0.95, -2.14),
(0.7, -0.95, -2.13),
(0.7, -0.96, -2.12),
(0.7, -0.96, -2.11),
(0.69, -0.97, -2.09),
(0.69, -0.97, -2.08),
(0.69, -0.98, -2.07),
(0.69, -0.98, -2.06),
(0.68, -0.98, -2.06),
(0.68, -0.99, -2.05),
(0.68, -0.99, -2.03),
(0.68, -1.0, -2.02),
(0.67, -1.0, -2.01),
(0.67, -1.01, -2.0),
(0.67, -1.01, -1.99),
(0.67, -1.01, -1.98),
(0.67, -1.02, -1.97),
(0.66, -1.02, -1.96),
(0.66, -1.03, -1.95),
(0.66, -1.03, -1.95),
(0.66, -1.04, -1.94),
(0.66, -1.04, -1.94),
(0.66, -1.05, -1.93),
(0.65, -1.05, -1.93),
(0.65, -1.05, -1.93),
(0.65, -1.06, -1.94),
(0.65, -1.06, -1.95),
(0.65, -1.07, -1.95),
(0.65, -1.07, -1.96),
(0.64, -1.08, -1.97),
(0.64, -1.08, -1.98),
(0.64, -1.09, -1.99),
(0.64, -1.09, -2.01),
(0.64, -1.1, -2.02),
(0.63, -1.1, -2.03),
(0.63, -1.1, -2.04),
(0.63, -1.11, -2.06),
(0.63, -1.11, -2.08),
(0.62, -1.12, -2.1),
(0.62, -1.12, -2.11),
(0.62, -1.12, -2.13),
(0.62, -1.13, -2.15),
(0.61, -1.13, -2.17),
(0.61, -1.14, -2.19),
(0.61, -1.14, -2.2),
(0.61, -1.14, -2.22),
(0.6, -1.15, -2.24),
(0.6, -1.15, -2.26),
(0.6, -1.16, -2.29),
(0.59, -1.16, -2.31),
(0.59, -1.16, -2.33),
(0.59, -1.17, -2.35),
(0.58, -1.17, -2.38),
(0.58, -1.17, -2.4),
(0.58, -1.18, -2.43),
(0.57, -1.18, -2.45),
(0.57, -1.18, -2.48),
(0.57, -1.18, -2.5),
(0.56, -1.19, -2.53),
(0.56, -1.19, -2.55),
(0.55, -1.19, -2.57),
(0.55, -1.2, -2.59),
(0.55, -1.2, -2.61),
(0.54, -1.2, -2.64),
(0.54, -1.2, -2.66),
(0.53, -1.2, -2.68),
(0.53, -1.21, -2.7),
(0.52, -1.21, -2.73),
(0.52, -1.21, -2.75),
(0.52, -1.21, -2.77),
(0.51, -1.21, -2.78),
(0.51, -1.22, -2.8),
(0.5, -1.22, -2.82),
(0.5, -1.22, -2.84),
(0.49, -1.22, -2.86),
(0.49, -1.22, -2.88),
(0.48, -1.22, -2.91),
(0.48, -1.22, -2.93),
(0.47, -1.22, -2.95),
(0.47, -1.23, -2.97),
(0.46, -1.23, -2.99),
(0.46, -1.23, -3.02),
(0.45, -1.23, -3.04),
(0.45, -1.23, -3.06),
(0.44, -1.23, -3.08),
(0.44, -1.23, -3.1),
(0.43, -1.23, -3.12),
(0.43, -1.23, 3.14),
(0.42, -1.23, 3.12),
(0.42, -1.23, 3.1),
(0.42, -1.23, 3.07),
(0.41, -1.23, 3.05),
(0.41, -1.23, 3.03),
(0.4, -1.23, 3.01),
(0.4, -1.23, 2.99),
(0.39, -1.23, 2.97),
(0.39, -1.22, 2.95),
(0.38, -1.22, 2.92),
(0.38, -1.22, 2.9),
(0.37, -1.22, 2.89),
(0.37, -1.22, 2.87),
(0.36, -1.22, 2.85),
(0.36, -1.22, 2.83),
(0.35, -1.22, 2.81),
(0.35, -1.21, 2.79),
(0.34, -1.21, 2.77),
(0.34, -1.21, 2.75),
(0.33, -1.21, 2.73),
(0.33, -1.21, 2.71),
(0.33, -1.2, 2.69),
(0.32, -1.2, 2.66),
(0.32, -1.2, 2.64),
(0.31, -1.2, 2.62),
(0.31, -1.19, 2.59),
(0.3, -1.19, 2.57),
(0.3, -1.19, 2.55),
(0.3, -1.19, 2.53),
(0.29, -1.18, 2.51),
(0.29, -1.18, 2.49),
(0.29, -1.18, 2.46),
(0.28, -1.18, 2.44),
(0.28, -1.17, 2.42),
(0.27, -1.17, 2.39),
(0.27, -1.17, 2.37),
(0.27, -1.16, 2.36),
(0.26, -1.16, 2.34),
(0.26, -1.16, 2.32),
(0.26, -1.15, 2.3),
(0.25, -1.15, 2.28),
(0.25, -1.14, 2.26),
(0.25, -1.14, 2.24),
(0.25, -1.14, 2.23),
(0.24, -1.13, 2.21),
(0.24, -1.13, 2.19),
(0.24, -1.13, 2.17),
(0.23, -1.12, 2.15),
(0.23, -1.12, 2.14),
(0.23, -1.11, 2.12),
(0.23, -1.11, 2.1),
(0.22, -1.11, 2.08),
(0.22, -1.1, 2.06),
(0.22, -1.1, 2.04),
(0.22, -1.09, 2.02),
(0.22, -1.09, 2.01),
(0.21, -1.08, 1.99),
(0.21, -1.08, 1.97),
(0.21, -1.07, 1.95),
(0.21, -1.07, 1.94),
(0.21, -1.07, 1.92),
(0.2, -1.06, 1.9),
(0.2, -1.06, 1.89),
(0.2, -1.05, 1.87),
(0.2, -1.05, 1.85),
(0.2, -1.04, 1.84),
(0.2, -1.04, 1.82),
(0.2, -1.03, 1.81),
(0.2, -1.03, 1.79),
(0.19, -1.02, 1.78),
(0.19, -1.02, 1.76),
(0.19, -1.01, 1.75),
(0.19, -1.01, 1.73),
(0.19, -1.0, 1.72),
(0.19, -1.0, 1.71),
(0.19, -0.99, 1.7),
(0.19, -0.99, 1.69),
(0.19, -0.99, 1.68),
(0.19, -0.98, 1.67),
(0.19, -0.98, 1.66),
(0.19, -0.97, 1.64),
(0.19, -0.97, 1.63),
(0.19, -0.96, 1.62),
(0.19, -0.96, 1.61),
(0.19, -0.95, 1.6),
(0.19, -0.95, 1.59),
(0.19, -0.94, 1.58),
(0.19, -0.94, 1.57),
(0.19, -0.93, 1.56),
(0.19, -0.93, 1.55),
(0.19, -0.92, 1.54),
(0.19, -0.92, 1.53),
(0.19, -0.91, 1.53),
(0.19, -0.91, 1.52),
(0.19, -0.9, 1.52),
(0.19, -0.9, 1.52),
(0.19, -0.89, 1.51),
(0.19, -0.89, 1.51),
(0.19, -0.88, 1.51),
(0.19, -0.88, 1.5),
(0.19, -0.87, 1.49),
(0.19, -0.87, 1.48),
(0.19, -0.86, 1.48),
(0.19, -0.86, 1.48),
(0.19, -0.85, 1.48),
(0.19, -0.85, 1.48),
(0.19, -0.84, 1.48),
(0.19, -0.84, 1.48),
(0.19, -0.83, 1.48),
(0.19, -0.83, 1.48),
(0.19, -0.82, 1.48),
(0.19, -0.82, 1.47),
(0.19, -0.81, 1.47),
(0.2, -0.81, 1.47),
(0.2, -0.8, 1.47),
(0.2, -0.8, 1.47),
(0.2, -0.79, 1.48),
(0.2, -0.79, 1.48),
(0.2, -0.78, 1.48),
(0.2, -0.78, 1.48),
(0.2, -0.77, 1.49),
(0.2, -0.77, 1.49),
(0.2, -0.76, 1.49),
(0.2, -0.76, 1.49),
(0.2, -0.75, 1.5),
(0.2, -0.75, 1.5),
(0.2, -0.74, 1.5),
(0.2, -0.74, 1.5),
(0.2, -0.73, 1.5),
(0.2, -0.73, 1.5),
(0.2, -0.72, 1.5),
(0.2, -0.72, 1.5),
(0.2, -0.71, 1.5),
(0.2, -0.71, 1.5),
(0.2, -0.7, 1.5),
(0.2, -0.7, 1.5),
(0.2, -0.69, 1.51),
(0.2, -0.69, 1.51),
(0.2, -0.68, 1.51),
(0.21, -0.68, 1.51),
(0.21, -0.67, 1.51),
(0.21, -0.67, 1.51),
(0.21, -0.66, 1.51),
(0.21, -0.66, 1.51),
(0.21, -0.65, 1.51),
(0.21, -0.65, 1.5),
(0.21, -0.64, 1.5),
(0.21, -0.64, 1.5),
(0.21, -0.63, 1.5),
(0.21, -0.63, 1.49),
(0.21, -0.62, 1.49),
(0.21, -0.62, 1.48),
(0.21, -0.61, 1.48),
(0.21, -0.61, 1.47),
(0.21, -0.61, 1.47),
(0.21, -0.6, 1.47),
(0.21, -0.6, 1.46),
(0.21, -0.59, 1.46),
(0.21, -0.59, 1.45),
(0.21, -0.58, 1.45),
(0.21, -0.58, 1.44),
(0.21, -0.57, 1.44),
(0.22, -0.57, 1.43),
(0.22, -0.56, 1.42),
(0.22, -0.56, 1.42),
(0.22, -0.55, 1.41),
(0.22, -0.55, 1.4),
(0.22, -0.54, 1.39),
(0.22, -0.54, 1.39),
(0.22, -0.53, 1.38),
(0.22, -0.53, 1.37),
(0.22, -0.52, 1.36),
(0.22, -0.52, 1.35),
(0.23, -0.51, 1.34),
(0.23, -0.51, 1.33),
(0.23, -0.5, 1.31),
(0.23, -0.5, 1.3),
(0.23, -0.49, 1.29),
(0.23, -0.49, 1.28),
(0.23, -0.48, 1.27),
(0.23, -0.48, 1.26),
(0.24, -0.47, 1.24),
(0.24, -0.47, 1.23),
(0.24, -0.47, 1.22),
(0.24, -0.46, 1.2),
(0.24, -0.46, 1.19),
(0.24, -0.45, 1.18),
(0.25, -0.45, 1.16),
(0.25, -0.44, 1.15),
(0.25, -0.44, 1.13),
(0.25, -0.43, 1.12),
(0.25, -0.43, 1.1),
(0.26, -0.43, 1.08),
(0.26, -0.42, 1.07),
(0.26, -0.42, 1.05),
(0.26, -0.41, 1.03),
(0.27, -0.41, 1.02),
(0.27, -0.4, 1.0),
(0.27, -0.4, 0.98),
(0.27, -0.4, 0.97),
(0.28, -0.39, 0.95),
(0.28, -0.39, 0.93),
(0.28, -0.39, 0.91),
(0.29, -0.38, 0.89),
(0.29, -0.38, 0.88),
(0.29, -0.37, 0.86),
(0.3, -0.37, 0.84),
(0.3, -0.37, 0.83),
(0.3, -0.36, 0.81),
(0.31, -0.36, 0.79),
(0.31, -0.36, 0.78),
(0.31, -0.35, 0.76),
(0.32, -0.35, 0.74),
(0.32, -0.35, 0.73),
(0.32, -0.34, 0.71),
(0.33, -0.34, 0.69),
(0.33, -0.34, 0.68),
(0.33, -0.33, 0.66),
(0.34, -0.33, 0.64),
(0.34, -0.33, 0.63),
(0.35, -0.33, 0.61),
(0.35, -0.32, 0.6),
(0.35, -0.32, 0.58),
(0.36, -0.32, 0.57),
(0.36, -0.32, 0.55),
(0.37, -0.31, 0.54),
(0.37, -0.31, 0.52),
(0.37, -0.31, 0.51),
(0.38, -0.31, 0.49),
(0.38, -0.3, 0.47),
(0.39, -0.3, 0.46),
(0.39, -0.3, 0.44),
(0.4, -0.3, 0.43),
(0.4, -0.29, 0.41),
(0.4, -0.29, 0.4),
(0.41, -0.29, 0.38),
(0.41, -0.29, 0.37),
(0.42, -0.29, 0.35),
(0.42, -0.29, 0.34),
(0.43, -0.28, 0.33),
(0.43, -0.28, 0.32),
(0.44, -0.28, 0.31),
(0.44, -0.28, 0.29),
(0.45, -0.28, 0.28),
(0.45, -0.28, 0.27),
(0.46, -0.28, 0.25),
(0.46, -0.27, 0.24),
(0.47, -0.27, 0.22),
(0.47, -0.27, 0.21),
(0.47, -0.27, 0.2),
(0.48, -0.27, 0.18),
(0.48, -0.27, 0.17),
(0.49, -0.27, 0.16),
(0.49, -0.27, 0.14),
(0.5, -0.27, 0.13),
(0.5, -0.27, 0.11),
(0.51, -0.27, 0.1),
(0.51, -0.27, 0.09),
(0.52, -0.27, 0.08),
(0.52, -0.27, 0.07),
(0.53, -0.27, 0.05),
(0.53, -0.26, 0.04),
(0.54, -0.26, 0.03),
(0.54, -0.26, 0.02),
(0.55, -0.26, 0.01),
(0.55, -0.26, 0.0),
(0.56, -0.26, -0.0),
(0.56, -0.26, -0.01),
(0.57, -0.26, -0.02),
(0.57, -0.26, -0.02),
(0.58, -0.26, -0.03),
(0.58, -0.26, -0.04),
(0.59, -0.27, -0.04),
(0.59, -0.27, -0.05),
(0.6, -0.27, -0.05),
(0.6, -0.27, -0.05),
(0.61, -0.27, -0.05),
(0.61, -0.27, -0.06),
(0.62, -0.27, -0.06),
(0.62, -0.27, -0.06),
(0.63, -0.27, -0.07),
(0.63, -0.27, -0.07),
(0.64, -0.27, -0.07),
(0.64, -0.27, -0.07),
(0.65, -0.27, -0.07),
(0.65, -0.27, -0.07),
(0.66, -0.27, -0.07),
(0.66, -0.27, -0.07),
(0.67, -0.27, -0.07),
(0.67, -0.27, -0.07),
(0.68, -0.27, -0.07),
(0.68, -0.27, -0.07),
(0.69, -0.27, -0.06),
(0.69, -0.27, -0.06),
(0.7, -0.27, -0.06),
(0.7, -0.27, -0.06),
(0.71, -0.27, -0.06),
(0.71, -0.27, -0.05),
(0.72, -0.27, -0.05),
(0.72, -0.27, -0.05),
(0.73, -0.27, -0.05),
(0.73, -0.27, -0.05),
(0.74, -0.27, -0.05),
(0.74, -0.27, -0.05),
(0.75, -0.27, -0.05),
(0.75, -0.27, -0.04),
(0.76, -0.28, -0.04),
(0.76, -0.28, -0.04),
(0.77, -0.28, -0.03),
(0.77, -0.28, -0.03),
(0.78, -0.28, -0.03),
(0.78, -0.28, -0.02),
(0.79, -0.28, -0.02),
(0.79, -0.28, -0.02),
(0.8, -0.28, -0.02),
(0.8, -0.28, -0.01),
(0.81, -0.28, -0.01),
(0.81, -0.28, -0.01),
(0.82, -0.28, -0.0),
(0.82, -0.28, -0.0),
(0.83, -0.28, -0.0),
(0.83, -0.28, -0.0),
(0.83, -0.28, -0.0),
(0.84, -0.28, -0.0),
(0.84, -0.28, 0.0),
(0.85, -0.28, 0.0),
(0.85, -0.28, 0.01),
(0.86, -0.28, 0.01),
(0.86, -0.28, 0.01),
(0.87, -0.28, 0.01),
(0.87, -0.28, 0.01),
(0.88, -0.28, 0.01),
(0.88, -0.28, 0.01),
(0.89, -0.28, 0.02),
(0.89, -0.28, 0.02),
(0.9, -0.28, 0.02),
(0.9, -0.28, 0.02),
(0.91, -0.28, 0.02),
(0.91, -0.28, 0.02),
(0.92, -0.28, 0.02),
(0.92, -0.28, 0.02),
(0.93, -0.28, 0.02),
(0.93, -0.28, 0.02),
(0.94, -0.27, 0.02),
(0.94, -0.27, 0.02),
(0.95, -0.27, 0.02),
(0.95, -0.27, 0.02),
(0.96, -0.27, 0.02),
(0.96, -0.27, 0.02),
(0.97, -0.27, 0.02),
(0.97, -0.27, 0.02),
(0.98, -0.27, 0.02),
(0.98, -0.27, 0.02),
(0.99, -0.27, 0.02),
(0.99, -0.27, 0.02),
(1.0, -0.27, 0.02),
(1.0, -0.27, 0.02),
(1.01, -0.27, 0.02),
(1.01, -0.27, 0.02),
(1.02, -0.27, 0.02),
(1.02, -0.27, 0.02),
(1.03, -0.27, 0.02),
(1.03, -0.27, 0.02),
(1.04, -0.27, 0.02),
(1.04, -0.27, 0.01),
(1.05, -0.27, 0.01),
(1.05, -0.27, 0.01),
(1.06, -0.27, 0.01),
(1.06, -0.27, 0.01),
(1.07, -0.27, 0.01),
(1.07, -0.27, 0.01),
(1.08, -0.27, 0.01),
(1.08, -0.27, 0.01),
(1.09, -0.27, 0.01),
(1.09, -0.27, 0.01),
(1.1, -0.27, 0.01),
(1.1, -0.27, 0.01),
(1.11, -0.27, 0.01),
(1.11, -0.27, 0.01),
(1.12, -0.27, 0.01),
(1.12, -0.27, 0.01),
(1.13, -0.27, 0.01),
(1.13, -0.27, 0.01),
(1.14, -0.27, 0.01),
(1.14, -0.27, 0.01),
(1.15, -0.27, 0.01),
(1.15, -0.27, 0.01),
(1.16, -0.27, 0.01),
(1.16, -0.27, 0.01),
(1.17, -0.27, 0.01),
(1.17, -0.27, 0.01),
(1.18, -0.27, 0.01),
(1.18, -0.27, 0.01),
(1.19, -0.27, 0.01),
(1.19, -0.27, 0.01),
(1.2, -0.27, 0.01),
(1.2, -0.27, 0.01),
(1.21, -0.27, 0.01),
(1.21, -0.27, 0.01),
(1.22, -0.27, 0.01),
(1.22, -0.27, 0.01),
(1.23, -0.27, 0.01),
(1.23, -0.27, 0.01),
(1.24, -0.27, 0.01),
(1.24, -0.27, 0.01),
(1.25, -0.27, 0.02),
(1.25, -0.27, 0.02),
(1.26, -0.27, 0.02),
(1.26, -0.27, 0.02),
(1.27, -0.27, 0.02),
(1.27, -0.27, 0.02),
(1.28, -0.27, 0.03),
(1.28, -0.27, 0.03),
(1.29, -0.27, 0.03),
(1.29, -0.27, 0.03),
(1.3, -0.27, 0.03),
(1.3, -0.27, 0.04),
(1.31, -0.27, 0.04),
(1.31, -0.27, 0.04),
(1.32, -0.27, 0.04),
(1.32, -0.27, 0.05),
(1.33, -0.27, 0.05),
(1.33, -0.27, 0.05),
(1.34, -0.27, 0.05),
(1.34, -0.27, 0.06),
(1.35, -0.27, 0.06),
(1.35, -0.27, 0.07),
(1.36, -0.27, 0.07),
(1.36, -0.27, 0.07),
(1.37, -0.27, 0.08),
(1.37, -0.27, 0.08),
(1.38, -0.27, 0.09),
(1.38, -0.26, 0.09),
(1.39, -0.26, 0.1),
(1.39, -0.26, 0.1),
(1.4, -0.26, 0.11),
(1.4, -0.26, 0.11),
(1.41, -0.26, 0.12),
(1.41, -0.26, 0.13),
(1.42, -0.26, 0.14),
(1.42, -0.26, 0.14),
(1.43, -0.26, 0.15),
(1.43, -0.26, 0.16),
(1.44, -0.26, 0.17),
(1.44, -0.26, 0.17),
(1.45, -0.26, 0.18),
(1.45, -0.26, 0.19),
(1.46, -0.25, 0.2),
(1.46, -0.25, 0.21),
(1.47, -0.25, 0.22),
(1.47, -0.25, 0.23),
(1.48, -0.25, 0.24),
(1.48, -0.25, 0.25),
(1.48, -0.25, 0.26),
(1.49, -0.25, 0.27),
(1.49, -0.25, 0.28),
(1.5, -0.24, 0.3),
(1.5, -0.24, 0.31),
(1.51, -0.24, 0.32),
(1.51, -0.24, 0.33),
(1.52, -0.24, 0.34),
(1.52, -0.24, 0.35),
(1.53, -0.23, 0.37),
(1.53, -0.23, 0.38),
(1.54, -0.23, 0.4),
(1.54, -0.23, 0.42),
(1.54, -0.23, 0.43),
(1.55, -0.22, 0.45),
(1.55, -0.22, 0.47),
(1.56, -0.22, 0.48),
(1.56, -0.22, 0.5),
(1.57, -0.22, 0.52),
(1.57, -0.21, 0.54),
(1.57, -0.21, 0.56),
(1.58, -0.21, 0.58),
(1.58, -0.21, 0.59),
(1.59, -0.2, 0.61),
(1.59, -0.2, 0.63),
(1.59, -0.2, 0.64),
(1.6, -0.19, 0.66),
(1.6, -0.19, 0.68),
(1.61, -0.19, 0.7),
(1.61, -0.18, 0.72),
(1.61, -0.18, 0.74),
(1.62, -0.18, 0.75),
(1.62, -0.18, 0.77),
(1.62, -0.17, 0.79),
(1.63, -0.17, 0.81),
(1.63, -0.16, 0.83),
(1.63, -0.16, 0.85),
(1.64, -0.16, 0.87),
(1.64, -0.15, 0.88),
(1.64, -0.15, 0.9),
(1.64, -0.15, 0.92),
(1.65, -0.14, 0.93),
(1.65, -0.14, 0.95),
(1.65, -0.13, 0.97),
(1.66, -0.13, 0.99),
(1.66, -0.13, 1.01),
(1.66, -0.12, 1.03),
(1.66, -0.12, 1.04),
(1.67, -0.11, 1.06),
(1.67, -0.11, 1.08),
(1.67, -0.11, 1.1),
(1.67, -0.1, 1.11),
(1.67, -0.1, 1.13),
(1.68, -0.09, 1.15),
(1.68, -0.09, 1.16),
(1.68, -0.08, 1.18),
(1.68, -0.08, 1.19),
(1.68, -0.07, 1.2),
(1.69, -0.07, 1.22),
(1.69, -0.07, 1.24),
(1.69, -0.06, 1.25),
(1.69, -0.06, 1.27),
(1.69, -0.05, 1.28),
(1.69, -0.05, 1.3),
(1.69, -0.04, 1.31),
(1.7, -0.04, 1.33),
(1.7, -0.03, 1.34),
(1.7, -0.03, 1.36),
(1.7, -0.02, 1.37),
(1.7, -0.02, 1.39),
(1.7, -0.01, 1.4),
(1.7, -0.01, 1.42),
(1.7, -0.0, 1.43),
(1.7, 0.0, 1.44),
(1.7, 0.01, 1.45),
(1.7, 0.01, 1.47),
(1.7, 0.02, 1.48),
(1.71, 0.02, 1.5),
(1.71, 0.03, 1.51),
(1.71, 0.03, 1.52),
(1.71, 0.04, 1.53),
(1.71, 0.04, 1.55),
(1.71, 0.05, 1.56),
(1.71, 0.05, 1.57),
(1.71, 0.06, 1.58),
(1.71, 0.06, 1.59),
(1.71, 0.07, 1.59),
(1.71, 0.07, 1.6),
(1.71, 0.08, 1.61),
(1.71, 0.08, 1.61),
(1.71, 0.08, 1.62),
(1.71, 0.09, 1.62),
(1.7, 0.09, 1.62),
(1.7, 0.1, 1.63),
(1.7, 0.1, 1.63),
(1.7, 0.11, 1.64),
(1.7, 0.11, 1.64),
(1.7, 0.12, 1.65),
(1.7, 0.12, 1.65),
(1.7, 0.13, 1.65),
(1.7, 0.13, 1.66),
(1.7, 0.14, 1.66),
(1.7, 0.14, 1.66),
(1.7, 0.15, 1.66),
(1.7, 0.15, 1.66),
(1.7, 0.16, 1.66),
(1.7, 0.16, 1.66),
(1.7, 0.17, 1.66),
(1.7, 0.17, 1.65),
(1.7, 0.18, 1.65),
(1.7, 0.18, 1.65),
(1.7, 0.19, 1.65),
(1.7, 0.19, 1.64),
(1.7, 0.2, 1.64),
(1.7, 0.2, 1.64),
(1.7, 0.21, 1.63),
(1.7, 0.21, 1.63),
(1.7, 0.22, 1.63),
(1.7, 0.22, 1.63),
(1.69, 0.23, 1.62),
(1.69, 0.23, 1.62),
(1.69, 0.24, 1.62),
(1.69, 0.24, 1.62),
(1.69, 0.25, 1.62),
(1.69, 0.25, 1.62),
(1.69, 0.26, 1.61),
(1.69, 0.26, 1.61),
(1.69, 0.27, 1.6),
(1.69, 0.27, 1.6),
(1.69, 0.28, 1.59),
(1.69, 0.28, 1.59),
(1.69, 0.29, 1.59),
(1.69, 0.29, 1.59),
(1.69, 0.3, 1.58),
(1.69, 0.3, 1.58),
(1.69, 0.31, 1.58),
(1.69, 0.31, 1.57),
(1.69, 0.32, 1.57),
(1.69, 0.32, 1.57),
(1.69, 0.33, 1.57),
(1.69, 0.33, 1.57),
(1.69, 0.34, 1.57),
(1.69, 0.34, 1.57),
(1.69, 0.35, 1.57),
(1.69, 0.35, 1.56),
(1.69, 0.36, 1.56),
(1.69, 0.36, 1.56),
(1.69, 0.37, 1.56),
(1.69, 0.37, 1.56),
(1.69, 0.38, 1.56),
(1.69, 0.38, 1.55),
(1.69, 0.39, 1.55),
(1.69, 0.39, 1.55),
(1.69, 0.4, 1.55),
(1.69, 0.4, 1.55),
(1.69, 0.41, 1.55),
(1.69, 0.41, 1.55),
(1.69, 0.42, 1.55),
(1.69, 0.42, 1.55),
(1.69, 0.43, 1.55),
(1.69, 0.43, 1.55),
(1.69, 0.44, 1.55),
(1.69, 0.44, 1.55),
(1.69, 0.45, 1.55),
(1.69, 0.45, 1.55),
(1.69, 0.46, 1.55),
(1.69, 0.46, 1.55),
(1.69, 0.47, 1.55),
(1.69, 0.47, 1.55),
(1.69, 0.48, 1.55),
(1.69, 0.48, 1.56),
(1.69, 0.49, 1.56),
(1.69, 0.49, 1.56),
(1.7, 0.5, 1.56),
(1.7, 0.5, 1.56),
(1.7, 0.51, 1.56),
(1.7, 0.51, 1.56),
(1.7, 0.52, 1.56),
(1.7, 0.52, 1.56),
(1.7, 0.53, 1.56),
(1.7, 0.53, 1.56),
(1.7, 0.54, 1.56),
(1.7, 0.54, 1.56),
(1.7, 0.55, 1.56),
(1.7, 0.55, 1.57),
(1.7, 0.56, 1.57),
(1.7, 0.56, 1.57),
(1.7, 0.57, 1.57),
(1.7, 0.57, 1.57),
(1.7, 0.58, 1.57),
(1.7, 0.58, 1.57),
(1.7, 0.59, 1.57),
(1.7, 0.59, 1.57),
(1.7, 0.6, 1.57),
(1.7, 0.6, 1.57),
(1.7, 0.61, 1.57),
(1.7, 0.61, 1.57),
(1.7, 0.62, 1.57),
(1.7, 0.62, 1.57),
(1.7, 0.63, 1.58),
(1.7, 0.63, 1.58),
(1.7, 0.64, 1.58),
(1.7, 0.64, 1.58),
(1.7, 0.65, 1.58),
(1.7, 0.65, 1.58),
(1.7, 0.66, 1.58),
(1.7, 0.66, 1.58),
(1.7, 0.67, 1.59),
(1.7, 0.67, 1.59),
(1.7, 0.68, 1.59),
(1.69, 0.68, 1.59),
(1.69, 0.69, 1.59),
(1.69, 0.69, 1.59),
(1.69, 0.7, 1.59),
(1.69, 0.7, 1.6),
(1.69, 0.7, 1.6),
(1.69, 0.71, 1.6),
(1.69, 0.71, 1.6),
(1.69, 0.72, 1.6),
(1.69, 0.72, 1.6),
(1.69, 0.73, 1.6),
(1.69, 0.73, 1.61),
(1.69, 0.74, 1.61),
(1.69, 0.74, 1.61),
(1.69, 0.75, 1.61),
(1.69, 0.75, 1.61),
(1.69, 0.76, 1.61),
(1.69, 0.76, 1.62),
(1.69, 0.77, 1.62),
(1.69, 0.77, 1.62),
(1.69, 0.78, 1.62),
(1.69, 0.78, 1.62),
(1.69, 0.79, 1.63),
(1.69, 0.79, 1.63),
(1.69, 0.8, 1.63),
(1.69, 0.8, 1.63),
(1.69, 0.81, 1.63),
(1.69, 0.81, 1.64),
(1.69, 0.82, 1.64),
(1.69, 0.82, 1.64),
(1.69, 0.83, 1.64),
(1.69, 0.83, 1.65),
(1.69, 0.84, 1.65),
(1.69, 0.84, 1.65),
(1.69, 0.85, 1.66),
(1.69, 0.85, 1.66),
(1.69, 0.86, 1.67),
(1.69, 0.86, 1.67),
(1.69, 0.87, 1.67),
(1.68, 0.87, 1.68),
(1.68, 0.88, 1.68),
(1.68, 0.88, 1.69),
(1.68, 0.89, 1.69),
(1.68, 0.89, 1.7),
(1.68, 0.9, 1.7),
(1.68, 0.9, 1.71),
(1.68, 0.91, 1.71),
(1.68, 0.91, 1.72),
(1.68, 0.92, 1.72),
(1.68, 0.92, 1.73),
(1.68, 0.93, 1.74),
(1.68, 0.93, 1.74),
(1.68, 0.94, 1.75),
(1.67, 0.94, 1.75),
(1.67, 0.95, 1.76),
(1.67, 0.95, 1.77),
(1.67, 0.96, 1.78),
(1.67, 0.96, 1.79),
(1.67, 0.97, 1.8),
(1.67, 0.97, 1.81),
(1.67, 0.98, 1.82),
(1.67, 0.98, 1.83),
(1.66, 0.99, 1.84),
(1.66, 0.99, 1.85),
(1.66, 0.99, 1.86),
(1.66, 1.0, 1.88),
(1.66, 1.0, 1.89),
(1.66, 1.01, 1.9),
(1.66, 1.01, 1.91),
(1.65, 1.02, 1.93),
(1.65, 1.02, 1.94),
(1.65, 1.03, 1.96),
(1.65, 1.03, 1.97),
(1.65, 1.04, 1.99),
(1.64, 1.04, 2.0),
(1.64, 1.04, 2.02),
(1.64, 1.05, 2.03),
(1.64, 1.05, 2.05),
(1.64, 1.06, 2.07),
(1.63, 1.06, 2.08),
(1.63, 1.07, 2.1),
(1.63, 1.07, 2.12),
(1.63, 1.07, 2.14),
(1.62, 1.08, 2.15),
(1.62, 1.08, 2.17),
(1.62, 1.09, 2.19),
(1.62, 1.09, 2.21),
(1.61, 1.09, 2.23),
(1.61, 1.1, 2.24),
(1.61, 1.1, 2.26),
(1.6, 1.1, 2.28),
(1.6, 1.11, 2.29),
(1.6, 1.11, 2.31),
(1.59, 1.12, 2.32),
(1.59, 1.12, 2.34),
(1.59, 1.12, 2.36),
(1.58, 1.13, 2.37),
(1.58, 1.13, 2.38),
(1.58, 1.13, 2.4),
(1.57, 1.14, 2.42),
(1.57, 1.14, 2.43),
(1.57, 1.14, 2.45),
(1.56, 1.15, 2.47),
(1.56, 1.15, 2.48),
(1.55, 1.15, 2.5),
(1.55, 1.15, 2.51),
(1.55, 1.16, 2.53),
(1.54, 1.16, 2.54),
(1.54, 1.16, 2.56),
(1.53, 1.16, 2.57),
(1.53, 1.17, 2.59),
(1.53, 1.17, 2.6),
(1.52, 1.17, 2.62),
(1.52, 1.17, 2.63),
(1.51, 1.18, 2.64),
(1.51, 1.18, 2.66),
(1.51, 1.18, 2.67),
(1.5, 1.18, 2.68),
(1.5, 1.19, 2.69),
(1.49, 1.19, 2.71),
(1.49, 1.19, 2.72),
(1.48, 1.19, 2.73),
(1.48, 1.19, 2.74),
(1.47, 1.2, 2.75),
(1.47, 1.2, 2.76),
(1.47, 1.2, 2.77),
(1.46, 1.2, 2.78),
(1.46, 1.2, 2.79),
(1.45, 1.2, 2.79),
(1.45, 1.21, 2.8),
(1.44, 1.21, 2.8),
(1.44, 1.21, 2.8),
(1.43, 1.21, 2.81),
(1.43, 1.21, 2.81),
(1.42, 1.21, 2.81),
(1.42, 1.22, 2.82),
(1.41, 1.22, 2.82),
(1.41, 1.22, 2.82),
(1.4, 1.22, 2.82),
(1.4, 1.22, 2.82),
(1.4, 1.22, 2.82),
(1.39, 1.23, 2.82),
(1.39, 1.23, 2.82),
(1.38, 1.23, 2.81),
(1.38, 1.23, 2.8),
(1.37, 1.23, 2.8),
(1.37, 1.23, 2.79),
(1.36, 1.24, 2.79),
(1.36, 1.24, 2.79),
(1.35, 1.24, 2.78),
(1.35, 1.24, 2.78),
(1.34, 1.24, 2.77),
(1.34, 1.24, 2.76),
(1.34, 1.25, 2.75),
(1.33, 1.25, 2.75),
(1.33, 1.25, 2.75),
(1.32, 1.25, 2.75),
(1.32, 1.25, 2.76),
(1.31, 1.25, 2.77),
(1.31, 1.26, 2.8),
(1.3, 1.26, 2.83),
(1.3, 1.26, 2.88),
(1.29, 1.26, 2.94),
(1.29, 1.26, 2.98),
(1.29, 1.26, 3.03),
(1.28, 1.26, 3.07),
(1.28, 1.26, 3.1),
(1.27, 1.26, 3.13),
(1.27, 1.26, -3.13),
(1.26, 1.26, -3.13),
(1.26, 1.26, -3.13),
(1.25, 1.26, -3.13),
(1.25, 1.26, -3.11),
(1.24, 1.26, -3.08),
(1.24, 1.26, -3.05),
(1.23, 1.26, -3.02),
(1.23, 1.26, -2.99),
(1.22, 1.26, -2.97),
(1.22, 1.26, -2.95),
(1.21, 1.26, -2.94),
(1.21, 1.26, -2.92),
(1.2, 1.26, -2.92),
(1.2, 1.25, -2.91),
(1.19, 1.25, -2.9),
(1.19, 1.25, -2.9),
(1.18, 1.25, -2.9),
(1.18, 1.25, -2.9),
(1.18, 1.25, -2.9),
(1.17, 1.25, -2.9),
(1.17, 1.25, -2.9),
(1.16, 1.25, -2.9),
(1.16, 1.24, -2.9),
(1.15, 1.24, -2.9),
(1.15, 1.24, -2.91),
(1.14, 1.24, -2.91),
(1.14, 1.24, -2.91),
(1.13, 1.24, -2.92),
(1.13, 1.24, -2.92),
(1.12, 1.24, -2.93),
(1.12, 1.24, -2.93),
(1.11, 1.23, -2.94),
(1.11, 1.23, -2.94),
(1.1, 1.23, -2.95),
(1.1, 1.23, -2.95),
(1.09, 1.23, -2.95),
(1.09, 1.23, -2.96),
(1.08, 1.23, -2.96),
(1.08, 1.23, -2.96),
(1.07, 1.23, -2.96),
(1.07, 1.23, -2.97),
(1.06, 1.23, -2.97),
(1.06, 1.22, -2.98),
(1.06, 1.22, -2.99),
(1.05, 1.22, -2.99),
(1.05, 1.22, -3.0),
(1.04, 1.22, -3.01),
(1.04, 1.22, -3.02),
(1.03, 1.22, -3.02),
(1.03, 1.22, -3.03),
(1.02, 1.22, -3.04),
(1.02, 1.22, -3.04),
(1.01, 1.22, -3.05),
(1.01, 1.22, -3.06),
(1.0, 1.22, -3.07),
(1.0, 1.22, -3.08),
(0.99, 1.22, -3.09),
(0.99, 1.22, -3.09),
(0.98, 1.22, -3.1),
(0.98, 1.22, -3.11),
(0.97, 1.22, -3.13),
(0.97, 1.22, 3.14),
(0.96, 1.22, 3.13),
(0.96, 1.22, 3.12),
(0.95, 1.22, 3.11),
(0.95, 1.22, 3.1),
(0.94, 1.22, 3.08),
(0.94, 1.22, 3.06),
(0.93, 1.22, 3.04),
(0.93, 1.22, 3.02),
(0.92, 1.22, 3.0),
(0.92, 1.22, 2.99),
(0.91, 1.22, 2.98),
(0.91, 1.22, 2.97),
(0.9, 1.22, 2.96),
(0.9, 1.22, 2.95),
(0.89, 1.22, 2.93),
(0.89, 1.22, 2.92),
(0.88, 1.23, 2.91),
(0.88, 1.23, 2.9),
(0.87, 1.23, 2.89),
(0.87, 1.23, 2.88),
(0.86, 1.23, 2.87),
(0.86, 1.23, 2.87),
(0.86, 1.23, 2.87),
(0.85, 1.23, 2.87),
(0.85, 1.24, 2.88),
(0.84, 1.24, 2.89),
(0.84, 1.24, 2.91),
(0.84, 1.24, 2.93),
(0.83, 1.24, 2.96),
(0.83, 1.24, 3.0),
(0.82, 1.24, 3.04),
(0.82, 1.24, 3.07),
(0.82, 1.24, 3.11),
(0.81, 1.24, 3.14),
(0.81, 1.24, -3.12),
(0.8, 1.24, -3.1),
(0.8, 1.24, -3.08),
(0.79, 1.24, -3.06),
(0.79, 1.24, -3.05),
(0.78, 1.24, -3.03),
(0.78, 1.24, -3.03),
(0.77, 1.24, -3.02),
(0.77, 1.24, -3.02),
(0.76, 1.24, -3.01),
(0.76, 1.24, -3.0),
(0.75, 1.24, -2.99),
(0.75, 1.23, -2.98),
(0.74, 1.23, -2.98),
(0.74, 1.23, -2.98),
(0.73, 1.23, -2.97),
(0.73, 1.23, -2.97),
(0.72, 1.23, -2.96),
(0.72, 1.23, -2.96),
(0.71, 1.23, -2.96),
(0.71, 1.23, -2.96),
(0.7, 1.23, -2.96),
(0.7, 1.23, -2.95),
(0.69, 1.23, -2.95),
(0.69, 1.22, -2.95),
(0.68, 1.22, -2.95),
(0.68, 1.22, -2.94),
(0.68, 1.22, -2.94),
(0.67, 1.22, -2.94),
(0.67, 1.22, -2.94),
(0.66, 1.22, -2.94),
(0.66, 1.22, -2.95),
(0.65, 1.22, -2.95),
(0.65, 1.22, -2.95),
(0.64, 1.21, -2.96),
(0.64, 1.21, -2.96),
(0.63, 1.21, -2.96),
(0.63, 1.21, -2.97),
(0.62, 1.21, -2.97),
(0.62, 1.21, -2.98),
(0.61, 1.21, -2.99),
(0.61, 1.21, -2.99),
(0.6, 1.21, -3.0),
(0.6, 1.21, -3.01),
(0.59, 1.21, -3.02),
(0.59, 1.21, -3.02),
(0.58, 1.21, -3.03),
(0.58, 1.21, -3.04),
(0.57, 1.2, -3.05),
(0.57, 1.2, -3.06),
(0.56, 1.2, -3.07),
(0.56, 1.2, -3.09),
(0.55, 1.2, -3.1),
(0.55, 1.2, -3.11),
(0.54, 1.2, -3.12),
(0.54, 1.2, -3.13),
(0.53, 1.2, 3.14),
(0.53, 1.2, 3.12),
(0.52, 1.2, 3.11),
(0.52, 1.2, 3.1),
(0.51, 1.2, 3.09),
(0.51, 1.2, 3.07),
(0.5, 1.2, 3.06),
(0.5, 1.2, 3.05),
(0.49, 1.2, 3.04),
(0.49, 1.21, 3.03),
(0.48, 1.21, 3.02),
(0.48, 1.21, 3.0),
(0.47, 1.21, 2.99),
(0.47, 1.21, 2.98),
(0.46, 1.21, 2.96),
(0.46, 1.21, 2.95),
(0.45, 1.21, 2.94),
(0.45, 1.21, 2.92),
(0.44, 1.21, 2.91),
(0.44, 1.21, 2.9),
(0.43, 1.22, 2.88),
(0.43, 1.22, 2.87),
(0.43, 1.22, 2.86),
(0.42, 1.22, 2.84),
(0.42, 1.22, 2.83),
(0.41, 1.22, 2.82),
(0.41, 1.22, 2.82),
(0.4, 1.23, 2.82),
(0.4, 1.23, 2.81),
(0.39, 1.23, 2.81),
(0.39, 1.23, 2.8),
(0.38, 1.23, 2.8),
(0.38, 1.23, 2.79),
(0.37, 1.24, 2.78),
(0.37, 1.24, 2.77),
(0.37, 1.24, 2.76),
(0.36, 1.24, 2.74),
(0.36, 1.24, 2.73),
(0.35, 1.24, 2.72),
(0.35, 1.25, 2.7),
(0.34, 1.25, 2.69),
(0.34, 1.25, 2.67),
(0.33, 1.25, 2.66),
(0.33, 1.26, 2.64),
(0.33, 1.26, 2.63),
(0.32, 1.26, 2.61),
(0.32, 1.26, 2.6),
(0.31, 1.27, 2.58),
(0.31, 1.27, 2.57),
(0.31, 1.27, 2.55),
(0.3, 1.27, 2.54),
(0.3, 1.28, 2.52),
(0.29, 1.28, 2.5),
(0.29, 1.28, 2.49),
(0.29, 1.28, 2.47),
(0.28, 1.29, 2.46),
(0.28, 1.29, 2.44),
(0.27, 1.29, 2.43),
(0.27, 1.3, 2.41),
(0.27, 1.3, 2.4),
(0.26, 1.3, 2.38),
(0.26, 1.31, 2.36),
(0.26, 1.31, 2.34),
(0.25, 1.31, 2.33),
(0.25, 1.32, 2.31),
(0.25, 1.32, 2.3),
(0.24, 1.32, 2.28),
(0.24, 1.33, 2.26),
(0.24, 1.33, 2.25),
(0.24, 1.34, 2.23),
(0.23, 1.34, 2.22),
(0.23, 1.34, 2.21),
(0.23, 1.35, 2.19),
(0.22, 1.35, 2.18),
(0.22, 1.36, 2.17),
(0.22, 1.36, 2.16),
(0.22, 1.36, 2.15),
(0.21, 1.37, 2.13),
(0.21, 1.37, 2.12),
(0.21, 1.38, 2.11),
(0.21, 1.38, 2.09),
(0.2, 1.38, 2.08),
(0.2, 1.39, 2.07),
(0.2, 1.39, 2.06),
(0.2, 1.4, 2.05),
(0.19, 1.4, 2.04),
(0.19, 1.41, 2.03),
(0.19, 1.41, 2.01),
(0.19, 1.42, 2.0),
(0.19, 1.42, 2.0),
(0.18, 1.42, 1.99),
(0.18, 1.43, 1.98),
(0.18, 1.43, 1.97),
(0.18, 1.44, 1.97),
(0.18, 1.44, 1.96),
(0.17, 1.45, 1.95),
(0.17, 1.45, 1.95),
(0.17, 1.46, 1.94),
(0.17, 1.46, 1.94),
(0.17, 1.46, 1.93),
(0.16, 1.47, 1.93),
(0.16, 1.47, 1.93),
(0.16, 1.48, 1.93),
(0.16, 1.48, 1.93),
(0.16, 1.49, 1.94),
(0.16, 1.49, 1.94),
(0.15, 1.5, 1.94),
(0.15, 1.5, 1.95),
(0.15, 1.51, 1.96),
(0.15, 1.51, 1.97),
(0.15, 1.52, 1.98),
(0.14, 1.52, 1.99),
(0.14, 1.52, 2.0),
(0.14, 1.53, 2.01),
(0.14, 1.53, 2.03),
(0.14, 1.54, 2.04),
(0.13, 1.54, 2.06),
(0.13, 1.55, 2.07),
(0.13, 1.55, 2.09),
(0.13, 1.55, 2.1),
(0.12, 1.56, 2.12),
(0.12, 1.56, 2.14),
(0.12, 1.57, 2.15),
(0.12, 1.57, 2.17),
(0.11, 1.57, 2.18),
(0.11, 1.58, 2.2),
(0.11, 1.58, 2.22),
(0.11, 1.59, 2.24),
(0.1, 1.59, 2.25),
(0.1, 1.59, 2.27),
(0.1, 1.6, 2.28),
(0.09, 1.6, 2.3),
(0.09, 1.6, 2.32),
(0.09, 1.61, 2.33),
(0.08, 1.61, 2.35),
(0.08, 1.61, 2.37),
(0.08, 1.62, 2.38),
(0.07, 1.62, 2.4),
(0.07, 1.62, 2.42),
(0.07, 1.63, 2.44),
(0.06, 1.63, 2.45),
(0.06, 1.63, 2.47),
(0.05, 1.64, 2.49),
(0.05, 1.64, 2.5),
(0.05, 1.64, 2.52),
(0.04, 1.65, 2.53),
(0.04, 1.65, 2.54),
(0.04, 1.65, 2.56),
(0.03, 1.65, 2.57),
(0.03, 1.66, 2.59),
(0.02, 1.66, 2.6),
(0.02, 1.66, 2.61),
(0.01, 1.66, 2.63),
(0.01, 1.67, 2.64),
(0.01, 1.67, 2.66),
(0.0, 1.67, 2.67),
(-0.0, 1.67, 2.69),
(-0.01, 1.67, 2.7),
(-0.01, 1.68, 2.72),
(-0.02, 1.68, 2.74),
(-0.02, 1.68, 2.75),
(-0.03, 1.68, 2.76),
(-0.03, 1.68, 2.78),
(-0.03, 1.69, 2.79),
(-0.04, 1.69, 2.8),
(-0.04, 1.69, 2.82),
(-0.05, 1.69, 2.83),
(-0.05, 1.69, 2.85),
(-0.06, 1.69, 2.87),
(-0.06, 1.69, 2.88),
(-0.07, 1.7, 2.9),
(-0.07, 1.7, 2.92),
(-0.08, 1.7, 2.93),
(-0.08, 1.7, 2.95),
(-0.09, 1.7, 2.97),
(-0.09, 1.7, 2.98),
(-0.1, 1.7, 3.0),
(-0.1, 1.7, 3.01),
(-0.1, 1.7, 3.02),
(-0.11, 1.7, 3.03),
(-0.11, 1.7, 3.04),
(-0.12, 1.7, 3.05),
(-0.12, 1.7, 3.06),
(-0.13, 1.7, 3.08),
(-0.13, 1.71, 3.09),
(-0.14, 1.71, 3.1),
(-0.14, 1.71, 3.11),
(-0.15, 1.71, 3.12),
(-0.15, 1.71, 3.13),
(-0.16, 1.71, 3.14),
(-0.16, 1.71, -3.14),
(-0.17, 1.71, -3.13),
(-0.17, 1.71, -3.12),
(-0.18, 1.71, -3.11),
(-0.18, 1.71, -3.1),
(-0.19, 1.7, -3.09),
(-0.19, 1.7, -3.09),
(-0.2, 1.7, -3.08),
(-0.2, 1.7, -3.08),
(-0.21, 1.7, -3.08),
(-0.21, 1.7, -3.07),
(-0.22, 1.7, -3.07),
(-0.22, 1.7, -3.07),
(-0.23, 1.7, -3.07),
(-0.23, 1.7, -3.07),
(-0.24, 1.7, -3.06),
(-0.24, 1.7, -3.06),
(-0.25, 1.7, -3.06),
(-0.25, 1.7, -3.06),
(-0.26, 1.7, -3.06),
(-0.26, 1.7, -3.06),
(-0.27, 1.7, -3.06),
(-0.27, 1.7, -3.06),
(-0.28, 1.7, -3.07),
(-0.28, 1.7, -3.07),
(-0.29, 1.7, -3.07),
(-0.29, 1.7, -3.06),
(-0.3, 1.7, -3.06),
(-0.3, 1.7, -3.06),
(-0.31, 1.7, -3.06),
(-0.31, 1.7, -3.07),
(-0.32, 1.7, -3.07),
(-0.32, 1.7, -3.07),
(-0.33, 1.69, -3.08),
(-0.33, 1.69, -3.08),
(-0.34, 1.69, -3.09),
(-0.34, 1.69, -3.09),
(-0.35, 1.69, -3.1),
(-0.35, 1.69, -3.1),
(-0.36, 1.69, -3.11),
(-0.36, 1.69, -3.11),
(-0.37, 1.69, -3.12),
(-0.37, 1.69, -3.12),
(-0.38, 1.69, -3.13),
(-0.38, 1.69, -3.13),
(-0.39, 1.69, -3.13),
(-0.39, 1.69, -3.13),
(-0.4, 1.69, -3.14),
(-0.4, 1.69, -3.14),
(-0.41, 1.69, -3.14),
(-0.41, 1.69, -3.14),
(-0.42, 1.69, -3.14),
(-0.42, 1.69, 3.14),
(-0.43, 1.69, 3.14),
(-0.43, 1.69, 3.14),
(-0.44, 1.69, 3.14),
(-0.44, 1.69, 3.14),
(-0.45, 1.69, 3.13),
(-0.45, 1.69, 3.13),
(-0.46, 1.69, 3.13),
(-0.46, 1.69, 3.13),
(-0.47, 1.69, 3.12),
(-0.47, 1.69, 3.12),
(-0.48, 1.69, 3.12),
(-0.48, 1.69, 3.12),
(-0.49, 1.69, 3.12),
(-0.49, 1.69, 3.12),
(-0.5, 1.69, 3.11),
(-0.5, 1.69, 3.11),
(-0.51, 1.69, 3.11),
(-0.51, 1.69, 3.11),
(-0.52, 1.69, 3.11),
(-0.52, 1.69, 3.11),
(-0.52, 1.69, 3.11),
(-0.53, 1.69, 3.11),
(-0.53, 1.7, 3.12),
(-0.54, 1.7, 3.12),
(-0.54, 1.7, 3.12),
(-0.55, 1.7, 3.12),
(-0.55, 1.7, 3.12),
(-0.56, 1.7, 3.12),
(-0.56, 1.7, 3.12),
(-0.57, 1.7, 3.12),
(-0.57, 1.7, 3.12),
(-0.58, 1.7, 3.12),
(-0.58, 1.7, 3.12),
(-0.59, 1.7, 3.12),
(-0.59, 1.7, 3.13),
(-0.6, 1.7, 3.13),
(-0.6, 1.7, 3.13),
(-0.61, 1.7, 3.13),
(-0.61, 1.7, 3.13),
(-0.62, 1.7, 3.13),
(-0.62, 1.7, 3.14),
(-0.63, 1.7, 3.14),
(-0.63, 1.7, 3.14),
(-0.64, 1.7, 3.14),
(-0.64, 1.7, 3.14),
(-0.65, 1.7, 3.14),
(-0.65, 1.7, 3.14),
(-0.66, 1.7, 3.14),
(-0.66, 1.7, 3.14),
(-0.67, 1.7, 3.14),
(-0.67, 1.7, -3.14),
(-0.68, 1.7, -3.13),
(-0.68, 1.7, -3.13),
(-0.69, 1.7, -3.13),
(-0.69, 1.7, -3.13),
(-0.7, 1.7, -3.13),
(-0.7, 1.7, -3.13),
(-0.71, 1.7, -3.13),
(-0.71, 1.7, -3.12),
(-0.72, 1.7, -3.12),
(-0.72, 1.7, -3.12),
(-0.73, 1.7, -3.12),
(-0.73, 1.7, -3.12),
(-0.74, 1.7, -3.12),
(-0.74, 1.7, -3.13),
(-0.75, 1.7, -3.13),
(-0.75, 1.7, -3.13),
(-0.76, 1.7, -3.12),
(-0.76, 1.7, -3.12),
(-0.77, 1.7, -3.12),
(-0.77, 1.7, -3.12),
(-0.78, 1.69, -3.12),
(-0.78, 1.69, -3.12),
(-0.79, 1.69, -3.12),
(-0.79, 1.69, -3.12),
(-0.8, 1.69, -3.12),
(-0.8, 1.69, -3.12),
(-0.81, 1.69, -3.12),
(-0.81, 1.69, -3.12),
(-0.82, 1.69, -3.12),
(-0.82, 1.69, -3.12),
(-0.83, 1.69, -3.12),
(-0.83, 1.69, -3.12),
(-0.84, 1.69, -3.12),
(-0.84, 1.69, -3.12),
(-0.85, 1.69, -3.12),
(-0.85, 1.69, -3.12),
(-0.86, 1.69, -3.13),
(-0.86, 1.69, -3.13),
(-0.87, 1.69, -3.13),
(-0.87, 1.69, -3.14),
(-0.88, 1.69, -3.14),
(-0.88, 1.69, -3.13),
(-0.89, 1.69, -3.13),
(-0.89, 1.69, -3.13),
(-0.9, 1.69, -3.13),
(-0.9, 1.69, -3.13),
(-0.91, 1.69, -3.13),
(-0.91, 1.69, -3.13),
(-0.92, 1.69, -3.13),
(-0.92, 1.69, -3.14),
(-0.93, 1.69, -3.13),
(-0.93, 1.69, -3.13),
(-0.94, 1.69, -3.13),
(-0.94, 1.69, -3.13),
(-0.95, 1.69, -3.13),
(-0.95, 1.69, -3.14),
(-0.96, 1.69, -3.14),
(-0.96, 1.69, -3.14),
(-0.97, 1.69, -3.14),
(-0.97, 1.69, -3.14),
(-0.98, 1.69, -3.14),
(-0.98, 1.69, -3.14),
(-0.99, 1.69, -3.14),
(-0.99, 1.69, -3.14),
(-1.0, 1.69, -3.14),
(-1.0, 1.69, -3.14),
(-1.01, 1.69, -3.13),
(-1.01, 1.69, -3.13),
(-1.02, 1.69, -3.14),
(-1.02, 1.69, -3.14),
(-1.03, 1.69, -3.14),
(-1.03, 1.69, -3.14),
(-1.04, 1.69, -3.14),
(-1.04, 1.69, -3.14),
(-1.05, 1.69, -3.14),
(-1.05, 1.69, -3.14),
(-1.06, 1.69, -3.14),
(-1.06, 1.69, -3.14),
(-1.07, 1.69, -3.14),
(-1.07, 1.69, -3.14),
(-1.08, 1.69, -3.14),
(-1.08, 1.69, -3.14),
(-1.09, 1.69, -3.14),
(-1.09, 1.69, -3.14),
(-1.1, 1.69, -3.14),
(-1.1, 1.69, -3.14),
(-1.11, 1.69, -3.13),
(-1.11, 1.69, -3.13),
(-1.12, 1.69, -3.13),
(-1.12, 1.69, -3.13),
(-1.13, 1.69, -3.13),
(-1.13, 1.69, -3.13),
(-1.14, 1.69, -3.13),
(-1.14, 1.69, -3.13),
(-1.15, 1.69, -3.13),
(-1.15, 1.69, -3.13),
(-1.16, 1.69, -3.13),
(-1.16, 1.69, -3.13),
(-1.17, 1.69, -3.13),
(-1.17, 1.69, -3.13),
(-1.18, 1.69, -3.14),
(-1.18, 1.69, -3.13),
(-1.19, 1.69, -3.13),
(-1.19, 1.69, -3.13),
(-1.2, 1.69, -3.13),
(-1.2, 1.69, -3.13),
(-1.21, 1.69, -3.13),
(-1.21, 1.69, -3.13),
(-1.22, 1.69, -3.13),
(-1.22, 1.69, -3.13),
(-1.23, 1.69, -3.13),
(-1.23, 1.69, -3.13),
(-1.24, 1.69, -3.13),
(-1.24, 1.69, -3.13),
(-1.25, 1.69, -3.13),
(-1.25, 1.69, -3.13),
(-1.26, 1.69, -3.13),
(-1.26, 1.69, -3.13),
(-1.27, 1.69, -3.13),
(-1.27, 1.69, -3.13),
(-1.28, 1.69, -3.13),
(-1.28, 1.69, -3.13),
(-1.29, 1.69, -3.13),
(-1.29, 1.69, -3.13),
(-1.3, 1.69, -3.13),
(-1.3, 1.69, -3.13),
(-1.31, 1.69, -3.13),
(-1.31, 1.69, -3.13),
(-1.32, 1.69, -3.13),
(-1.32, 1.69, -3.13),
(-1.33, 1.69, -3.12),
(-1.33, 1.69, -3.12),
(-1.34, 1.69, -3.12),
(-1.34, 1.69, -3.12),
(-1.35, 1.69, -3.12),
(-1.35, 1.69, -3.12),
(-1.36, 1.69, -3.12),
(-1.36, 1.69, -3.12),
(-1.37, 1.69, -3.12),
(-1.37, 1.69, -3.11),
(-1.38, 1.69, -3.11),
(-1.38, 1.69, -3.11),
(-1.39, 1.69, -3.11),
(-1.39, 1.69, -3.11),
(-1.4, 1.69, -3.1),
(-1.4, 1.69, -3.1),
(-1.41, 1.69, -3.1),
(-1.41, 1.69, -3.1),
(-1.42, 1.69, -3.09),
(-1.42, 1.69, -3.09),
(-1.43, 1.69, -3.09),
(-1.43, 1.69, -3.09),
(-1.44, 1.69, -3.08),
(-1.44, 1.69, -3.08),
(-1.45, 1.69, -3.08),
(-1.45, 1.68, -3.07),
(-1.46, 1.68, -3.07),
(-1.46, 1.68, -3.06),
(-1.47, 1.68, -3.06),
(-1.47, 1.68, -3.05),
(-1.48, 1.68, -3.04),
(-1.48, 1.68, -3.04),
(-1.49, 1.68, -3.03),
(-1.49, 1.68, -3.03),
(-1.5, 1.68, -3.02),
(-1.5, 1.68, -3.01),
(-1.51, 1.68, -3.0),
(-1.51, 1.68, -2.99),
(-1.51, 1.68, -2.99),
(-1.52, 1.68, -2.98),
(-1.52, 1.68, -2.97),
(-1.53, 1.68, -2.96),
(-1.53, 1.67, -2.95),
(-1.54, 1.67, -2.94),
(-1.54, 1.67, -2.93),
(-1.55, 1.67, -2.92),
(-1.55, 1.67, -2.91),
(-1.56, 1.67, -2.89),
(-1.56, 1.67, -2.88),
(-1.57, 1.67, -2.87),
(-1.57, 1.67, -2.86),
(-1.58, 1.66, -2.84),
(-1.58, 1.66, -2.83),
(-1.59, 1.66, -2.82),
(-1.59, 1.66, -2.8),
(-1.6, 1.66, -2.79),
(-1.6, 1.66, -2.77),
(-1.6, 1.65, -2.75),
(-1.61, 1.65, -2.74),
(-1.61, 1.65, -2.72),
(-1.62, 1.65, -2.71),
(-1.62, 1.65, -2.69),
(-1.63, 1.64, -2.67),
(-1.63, 1.64, -2.65),
(-1.63, 1.64, -2.63),
(-1.64, 1.64, -2.61),
(-1.64, 1.63, -2.6),
(-1.65, 1.63, -2.58),
(-1.65, 1.63, -2.55),
(-1.66, 1.63, -2.53),
(-1.66, 1.62, -2.51),
(-1.66, 1.62, -2.49),
(-1.67, 1.62, -2.47),
(-1.67, 1.62, -2.45),
(-1.67, 1.61, -2.43),
(-1.68, 1.61, -2.41),
(-1.68, 1.61, -2.39),
(-1.68, 1.6, -2.37),
(-1.69, 1.6, -2.35),
(-1.69, 1.6, -2.33),
(-1.69, 1.59, -2.31),
(-1.7, 1.59, -2.29),
(-1.7, 1.59, -2.27),
(-1.7, 1.58, -2.25),
(-1.71, 1.58, -2.23),
(-1.71, 1.57, -2.21),
(-1.71, 1.57, -2.19),
(-1.71, 1.57, -2.17),
(-1.72, 1.56, -2.15),
(-1.72, 1.56, -2.13),
(-1.72, 1.55, -2.11),
(-1.72, 1.55, -2.09),
(-1.73, 1.55, -2.07),
(-1.73, 1.54, -2.05),
(-1.73, 1.54, -2.03),
(-1.73, 1.53, -2.01),
(-1.74, 1.53, -1.99),
(-1.74, 1.52, -1.97),
(-1.74, 1.52, -1.95),
(-1.74, 1.52, -1.93),
(-1.74, 1.51, -1.91),
(-1.74, 1.51, -1.88),
(-1.75, 1.5, -1.86),
(-1.75, 1.5, -1.85),
(-1.75, 1.49, -1.83),
(-1.75, 1.49, -1.81),
(-1.75, 1.48, -1.8),
(-1.75, 1.48, -1.78),
(-1.75, 1.47, -1.76),
(-1.75, 1.47, -1.74),
(-1.75, 1.46, -1.72),
(-1.76, 1.46, -1.71),
(-1.76, 1.45, -1.69),
(-1.76, 1.45, -1.67),
(-1.76, 1.44, -1.65),
(-1.76, 1.44, -1.63),
(-1.76, 1.43, -1.62),
(-1.76, 1.43, -1.6),
(-1.76, 1.42, -1.58),
(-1.76, 1.42, -1.57),
(-1.76, 1.41, -1.55),
(-1.76, 1.41, -1.54),
(-1.76, 1.41, -1.52),
(-1.76, 1.4, -1.51),
(-1.76, 1.4, -1.49),
(-1.76, 1.39, -1.48),
(-1.76, 1.39, -1.46),
(-1.76, 1.38, -1.45),
(-1.75, 1.38, -1.44),
(-1.75, 1.37, -1.42),
(-1.75, 1.37, -1.41),
(-1.75, 1.36, -1.4),
(-1.75, 1.36, -1.39),
(-1.75, 1.35, -1.38),
(-1.75, 1.35, -1.36),
(-1.75, 1.34, -1.35),
(-1.75, 1.34, -1.34),
(-1.75, 1.33, -1.33),
(-1.74, 1.33, -1.31),
(-1.74, 1.32, -1.3),
(-1.74, 1.32, -1.29),
(-1.74, 1.31, -1.28),
(-1.74, 1.31, -1.27),
(-1.74, 1.3, -1.25),
(-1.74, 1.3, -1.24),
(-1.73, 1.29, -1.23),
(-1.73, 1.29, -1.22),
(-1.73, 1.28, -1.21),
(-1.73, 1.28, -1.2),
(-1.73, 1.28, -1.18),
(-1.73, 1.27, -1.17),
(-1.72, 1.27, -1.16),
(-1.72, 1.26, -1.15),
(-1.72, 1.26, -1.14),
(-1.72, 1.25, -1.13),
(-1.72, 1.25, -1.12),
(-1.71, 1.24, -1.1),
(-1.71, 1.24, -1.09),
(-1.71, 1.24, -1.08),
(-1.71, 1.23, -1.07),
(-1.7, 1.23, -1.05),
(-1.7, 1.22, -1.02),
(-1.7, 1.22, -0.99),
(-1.7, 1.22, -0.94),
(-1.69, 1.21, -0.88),
(-1.69, 1.21, -0.81),
(-1.69, 1.2, -0.73),
(-1.68, 1.2, -0.65),
(-1.68, 1.2, -0.56),
(-1.68, 1.2, -0.47),
(-1.67, 1.19, -0.39),
(-1.67, 1.19, -0.3),
(-1.66, 1.19, -0.22),
(-1.66, 1.19, -0.13),
(-1.65, 1.19, -0.05),
(-1.65, 1.19, 0.02),
(-1.65, 1.19, 0.09),
(-1.64, 1.19, 0.16),
(-1.64, 1.19, 0.21),
(-1.64, 1.19, 0.26),
(-1.63, 1.19, 0.3),
(-1.63, 1.19, 0.32),
(-1.63, 1.2, 0.33),
(-1.62, 1.2, 0.34),
(-1.62, 1.2, 0.34),
(-1.62, 1.2, 0.33),
(-1.61, 1.2, 0.31),
(-1.61, 1.2, 0.29),
(-1.6, 1.2, 0.26),
(-1.6, 1.2, 0.23),
(-1.59, 1.21, 0.2),
(-1.59, 1.21, 0.17),
(-1.58, 1.21, 0.15),
(-1.58, 1.21, 0.12),
(-1.58, 1.21, 0.1),
(-1.57, 1.21, 0.08),
(-1.57, 1.21, 0.06),
(-1.56, 1.21, 0.05),
(-1.56, 1.21, 0.04),
(-1.55, 1.21, 0.04),
(-1.55, 1.21, 0.03),
(-1.54, 1.21, 0.02),
(-1.54, 1.21, 0.01),
(-1.53, 1.21, -0.0),
(-1.53, 1.21, -0.02),
(-1.52, 1.21, -0.04),
(-1.52, 1.21, -0.05),
(-1.51, 1.21, -0.07),
(-1.51, 1.21, -0.08),
(-1.5, 1.21, -0.09),
(-1.5, 1.21, -0.1),
(-1.49, 1.21, -0.1),
(-1.49, 1.21, -0.11),
(-1.48, 1.21, -0.12),
(-1.48, 1.21, -0.12),
(-1.47, 1.21, -0.13),
(-1.47, 1.2, -0.14),
(-1.46, 1.2, -0.14),
(-1.46, 1.2, -0.14),
(-1.45, 1.2, -0.14),
(-1.45, 1.2, -0.14),
(-1.44, 1.2, -0.14),
(-1.44, 1.2, -0.14),
(-1.43, 1.2, -0.14),
(-1.43, 1.2, -0.14),
(-1.42, 1.2, -0.13),
(-1.42, 1.2, -0.13),
(-1.41, 1.2, -0.13),
(-1.41, 1.2, -0.13),
(-1.4, 1.2, -0.13),
(-1.4, 1.2, -0.12),
(-1.39, 1.19, -0.11),
(-1.39, 1.19, -0.11),
(-1.38, 1.19, -0.1),
(-1.38, 1.19, -0.09),
(-1.37, 1.19, -0.08),
(-1.37, 1.19, -0.08),
(-1.36, 1.19, -0.07),
(-1.36, 1.19, -0.06),
(-1.35, 1.19, -0.05),
(-1.35, 1.19, -0.05),
(-1.34, 1.19, -0.04),
(-1.34, 1.19, -0.03),
(-1.33, 1.19, -0.03),
(-1.33, 1.19, -0.02),
(-1.32, 1.19, -0.02),
(-1.32, 1.19, -0.02),
(-1.32, 1.19, -0.01),
(-1.31, 1.19, -0.01),
(-1.31, 1.19, -0.0),
(-1.3, 1.19, 0.0),
(-1.3, 1.19, 0.01),
(-1.29, 1.19, 0.01),
(-1.29, 1.19, 0.02),
(-1.28, 1.19, 0.02),
(-1.28, 1.19, 0.03),
(-1.27, 1.19, 0.03),
(-1.27, 1.19, 0.04),
(-1.26, 1.19, 0.04),
(-1.26, 1.19, 0.04),
(-1.25, 1.19, 0.05),
(-1.25, 1.19, 0.05),
(-1.24, 1.19, 0.05),
(-1.24, 1.19, 0.05),
(-1.23, 1.19, 0.05),
(-1.23, 1.19, 0.05),
(-1.22, 1.19, 0.05),
(-1.22, 1.19, 0.05),
(-1.21, 1.19, 0.05),
(-1.21, 1.19, 0.05),
(-1.2, 1.19, 0.05),
(-1.2, 1.19, 0.05),
(-1.19, 1.19, 0.05),
(-1.19, 1.19, 0.04),
(-1.18, 1.19, 0.04),
(-1.18, 1.19, 0.04),
(-1.17, 1.2, 0.05),
(-1.17, 1.2, 0.04),
(-1.16, 1.2, 0.04),
(-1.16, 1.2, 0.04),
(-1.15, 1.2, 0.04),
(-1.15, 1.2, 0.03),
(-1.14, 1.2, 0.03),
(-1.14, 1.2, 0.03),
(-1.13, 1.2, 0.03),
(-1.13, 1.2, 0.03),
(-1.12, 1.2, 0.02),
(-1.12, 1.2, 0.02),
(-1.11, 1.2, 0.02),
(-1.11, 1.2, 0.02),
(-1.1, 1.2, 0.01),
(-1.1, 1.2, 0.01),
(-1.09, 1.2, 0.01),
(-1.09, 1.2, 0.01),
(-1.08, 1.2, 0.01),
(-1.08, 1.2, 0.01),
(-1.07, 1.2, 0.01),
(-1.07, 1.2, 0.01),
(-1.06, 1.2, 0.01),
(-1.06, 1.2, 0.01),
(-1.05, 1.2, 0.0),
(-1.05, 1.2, 0.0),
(-1.04, 1.2, -0.0),
(-1.04, 1.2, -0.0),
(-1.03, 1.2, -0.0),
(-1.03, 1.2, -0.01),
(-1.02, 1.2, -0.01),
(-1.02, 1.2, -0.01),
(-1.01, 1.2, -0.01),
(-1.01, 1.2, -0.01),
(-1.0, 1.2, -0.01),
(-1.0, 1.2, -0.01),
(-0.99, 1.2, -0.01),
(-0.99, 1.2, -0.02),
(-0.98, 1.2, -0.02),
(-0.98, 1.2, -0.02),
(-0.97, 1.2, -0.02),
(-0.97, 1.2, -0.02),
(-0.96, 1.2, -0.02),
(-0.96, 1.2, -0.02),
(-0.95, 1.2, -0.02),
(-0.95, 1.2, -0.02),
(-0.94, 1.2, -0.02),
(-0.94, 1.2, -0.02),
(-0.93, 1.2, -0.02),
(-0.93, 1.2, -0.02),
(-0.92, 1.2, -0.02),
(-0.92, 1.2, -0.02),
(-0.91, 1.2, -0.02),
(-0.91, 1.2, -0.02),
(-0.9, 1.2, -0.02),
(-0.9, 1.2, -0.02),
(-0.89, 1.2, -0.02),
(-0.89, 1.2, -0.02),
(-0.88, 1.2, -0.02),
(-0.88, 1.19, -0.02),
(-0.87, 1.19, -0.02),
(-0.87, 1.19, -0.02),
(-0.86, 1.19, -0.01),
(-0.86, 1.19, -0.02),
(-0.85, 1.19, -0.02),
(-0.85, 1.19, -0.02),
(-0.84, 1.19, -0.01),
(-0.84, 1.19, -0.01),
(-0.83, 1.19, -0.01),
(-0.83, 1.19, -0.01),
(-0.82, 1.19, -0.01),
(-0.82, 1.19, -0.01),
(-0.81, 1.19, -0.01),
(-0.81, 1.19, -0.01),
(-0.8, 1.19, -0.01),
(-0.8, 1.19, -0.01),
(-0.79, 1.19, -0.01),
(-0.79, 1.19, -0.01),
(-0.78, 1.19, -0.01),
(-0.78, 1.19, -0.01),
(-0.77, 1.19, -0.01),
(-0.77, 1.19, -0.01),
(-0.76, 1.19, -0.01),
(-0.76, 1.19, -0.02),
(-0.75, 1.19, -0.02),
(-0.75, 1.19, -0.02),
(-0.74, 1.19, -0.02),
(-0.74, 1.19, -0.02),
(-0.73, 1.19, -0.02),
(-0.73, 1.19, -0.02),
(-0.72, 1.19, -0.02),
(-0.72, 1.19, -0.03),
(-0.71, 1.19, -0.03),
(-0.71, 1.19, -0.03),
(-0.7, 1.19, -0.03),
(-0.7, 1.19, -0.03),
(-0.69, 1.19, -0.03),
(-0.69, 1.19, -0.04),
(-0.68, 1.19, -0.04),
(-0.68, 1.19, -0.04),
(-0.67, 1.19, -0.04),
(-0.67, 1.19, -0.04),
(-0.66, 1.19, -0.05),
(-0.66, 1.19, -0.05),
(-0.65, 1.19, -0.05),
(-0.65, 1.19, -0.05),
(-0.64, 1.19, -0.05),
(-0.64, 1.19, -0.06),
(-0.63, 1.19, -0.06),
(-0.63, 1.19, -0.06),
(-0.62, 1.19, -0.07),
(-0.62, 1.19, -0.07),
(-0.61, 1.19, -0.07),
(-0.61, 1.19, -0.08),
(-0.6, 1.19, -0.08),
(-0.6, 1.19, -0.09),
(-0.59, 1.19, -0.09),
(-0.59, 1.19, -0.09),
(-0.58, 1.19, -0.1),
(-0.58, 1.18, -0.1),
(-0.57, 1.18, -0.11),
(-0.57, 1.18, -0.12),
(-0.56, 1.18, -0.12),
(-0.56, 1.18, -0.13),
(-0.55, 1.18, -0.13),
(-0.55, 1.18, -0.14),
(-0.54, 1.18, -0.15),
(-0.54, 1.18, -0.16),
(-0.53, 1.18, -0.16),
(-0.53, 1.18, -0.17),
(-0.52, 1.18, -0.18),
(-0.52, 1.18, -0.19),
(-0.52, 1.18, -0.2),
(-0.51, 1.17, -0.21),
(-0.51, 1.17, -0.22),
(-0.5, 1.17, -0.23),
(-0.5, 1.17, -0.24),
(-0.49, 1.17, -0.26),
(-0.49, 1.17, -0.27),
(-0.48, 1.17, -0.28),
(-0.48, 1.17, -0.3),
(-0.47, 1.16, -0.31),
(-0.47, 1.16, -0.32),
(-0.46, 1.16, -0.33),
(-0.46, 1.16, -0.34),
(-0.45, 1.16, -0.36),
(-0.45, 1.16, -0.37),
(-0.45, 1.15, -0.38),
(-0.44, 1.15, -0.4),
(-0.44, 1.15, -0.41),
(-0.43, 1.15, -0.43),
(-0.43, 1.15, -0.44),
(-0.42, 1.14, -0.46),
(-0.42, 1.14, -0.47),
(-0.41, 1.14, -0.49),
(-0.41, 1.14, -0.5),
(-0.41, 1.14, -0.52),
(-0.4, 1.13, -0.53),
(-0.4, 1.13, -0.55),
(-0.39, 1.13, -0.57),
(-0.39, 1.13, -0.59),
(-0.39, 1.12, -0.61),
(-0.38, 1.12, -0.62),
(-0.38, 1.12, -0.64),
(-0.37, 1.11, -0.66),
(-0.37, 1.11, -0.68),
(-0.37, 1.11, -0.7),
(-0.36, 1.1, -0.72),
(-0.36, 1.1, -0.74),
(-0.36, 1.1, -0.76),
(-0.35, 1.1, -0.78),
(-0.35, 1.09, -0.8),
(-0.35, 1.09, -0.81),
(-0.34, 1.08, -0.83),
(-0.34, 1.08, -0.85),
(-0.34, 1.08, -0.87),
(-0.33, 1.07, -0.88),
(-0.33, 1.07, -0.9),
(-0.33, 1.07, -0.92),
(-0.32, 1.06, -0.94),
(-0.32, 1.06, -0.95),
(-0.32, 1.05, -0.97),
(-0.32, 1.05, -0.99),
(-0.31, 1.05, -1.01),
(-0.31, 1.04, -1.02),
(-0.31, 1.04, -1.04),
(-0.31, 1.03, -1.06),
(-0.3, 1.03, -1.08),
(-0.3, 1.03, -1.1),
(-0.3, 1.02, -1.11),
(-0.3, 1.02, -1.13),
(-0.3, 1.01, -1.15),
(-0.29, 1.01, -1.16),
(-0.29, 1.0, -1.18),
(-0.29, 1.0, -1.2),
(-0.29, 0.99, -1.22),
(-0.29, 0.99, -1.24),
(-0.28, 0.99, -1.25),
(-0.28, 0.98, -1.27),
(-0.28, 0.98, -1.29),
(-0.28, 0.97, -1.31),
(-0.28, 0.97, -1.32),
(-0.28, 0.96, -1.34),
(-0.28, 0.96, -1.35),
(-0.28, 0.95, -1.37),
(-0.28, 0.95, -1.38),
(-0.27, 0.94, -1.39),
(-0.27, 0.94, -1.4),
(-0.27, 0.93, -1.42),
(-0.27, 0.93, -1.43),
(-0.27, 0.92, -1.44),
(-0.27, 0.92, -1.46),
(-0.27, 0.91, -1.47),
(-0.27, 0.91, -1.48),
(-0.27, 0.9, -1.49),
(-0.27, 0.9, -1.51),
(-0.27, 0.89, -1.52),
(-0.27, 0.89, -1.53),
(-0.27, 0.88, -1.54),
(-0.27, 0.88, -1.55),
(-0.27, 0.87, -1.56),
(-0.27, 0.87, -1.57),
(-0.27, 0.86, -1.58),
(-0.27, 0.86, -1.59),
(-0.27, 0.85, -1.6),
(-0.27, 0.85, -1.61),
(-0.27, 0.84, -1.62),
(-0.27, 0.84, -1.63),
(-0.27, 0.83, -1.64),
(-0.27, 0.83, -1.64),
(-0.27, 0.82, -1.65),
(-0.27, 0.82, -1.65),
(-0.27, 0.81, -1.66),
(-0.27, 0.81, -1.67),
(-0.27, 0.8, -1.67),
(-0.27, 0.8, -1.68),
(-0.27, 0.8, -1.68),
(-0.27, 0.79, -1.68),
(-0.27, 0.79, -1.68),
(-0.27, 0.78, -1.68),
(-0.27, 0.78, -1.69),
(-0.28, 0.77, -1.69),
(-0.28, 0.77, -1.68),
(-0.28, 0.76, -1.68),
(-0.28, 0.76, -1.68),
(-0.28, 0.75, -1.68),
(-0.28, 0.75, -1.68),
(-0.28, 0.74, -1.68),
(-0.28, 0.74, -1.68),
(-0.28, 0.73, -1.67),
(-0.28, 0.73, -1.67),
(-0.28, 0.72, -1.66),
(-0.28, 0.72, -1.65),
(-0.28, 0.71, -1.65),
(-0.28, 0.71, -1.64),
(-0.28, 0.7, -1.64),
(-0.28, 0.7, -1.63),
(-0.28, 0.69, -1.63),
(-0.28, 0.69, -1.62),
(-0.28, 0.68, -1.62),
(-0.28, 0.68, -1.61),
(-0.28, 0.67, -1.61),
(-0.28, 0.67, -1.61),
(-0.28, 0.66, -1.61),
(-0.28, 0.66, -1.61),
(-0.28, 0.65, -1.61),
(-0.28, 0.65, -1.61),
(-0.28, 0.64, -1.61),
(-0.28, 0.64, -1.61),
(-0.29, 0.63, -1.61),
(-0.29, 0.63, -1.61),
(-0.29, 0.62, -1.61),
(-0.29, 0.62, -1.6),
(-0.29, 0.61, -1.61),
(-0.29, 0.61, -1.61),
(-0.29, 0.6, -1.61),
(-0.29, 0.6, -1.61),
(-0.29, 0.59, -1.61),
(-0.29, 0.59, -1.61),
(-0.29, 0.58, -1.61),
(-0.29, 0.58, -1.62),
(-0.29, 0.57, -1.62),
(-0.29, 0.57, -1.62),
(-0.29, 0.56, -1.62),
(-0.29, 0.56, -1.62),
(-0.29, 0.55, -1.63),
(-0.29, 0.55, -1.63),
(-0.29, 0.54, -1.64),
(-0.29, 0.54, -1.64),
(-0.29, 0.53, -1.65),
(-0.29, 0.53, -1.65),
(-0.29, 0.52, -1.66),
(-0.29, 0.52, -1.66),
(-0.29, 0.51, -1.67),
(-0.29, 0.51, -1.67),
(-0.29, 0.5, -1.68),
(-0.29, 0.5, -1.69),
(-0.29, 0.49, -1.69),
(-0.29, 0.49, -1.7),
(-0.29, 0.48, -1.71),
(-0.3, 0.48, -1.71),
(-0.3, 0.47, -1.72),
(-0.3, 0.47, -1.73),
(-0.3, 0.46, -1.74),
(-0.3, 0.46, -1.74),
(-0.3, 0.45, -1.75),
(-0.3, 0.45, -1.76),
(-0.3, 0.45, -1.77),
(-0.3, 0.44, -1.78),
(-0.3, 0.44, -1.79),
(-0.3, 0.43, -1.8),
(-0.31, 0.43, -1.81),
(-0.31, 0.42, -1.82),
(-0.31, 0.42, -1.83),
(-0.31, 0.41, -1.84),
(-0.31, 0.41, -1.85),
(-0.31, 0.4, -1.87),
(-0.31, 0.4, -1.88),
(-0.32, 0.39, -1.89),
(-0.32, 0.39, -1.91),
(-0.32, 0.38, -1.92),
(-0.32, 0.38, -1.93),
(-0.32, 0.37, -1.95),
(-0.32, 0.37, -1.97),
(-0.33, 0.37, -1.98),
(-0.33, 0.36, -2.0),
(-0.33, 0.36, -2.01),
(-0.33, 0.35, -2.03),
(-0.33, 0.35, -2.04),
(-0.34, 0.34, -2.06),
(-0.34, 0.34, -2.08),
(-0.34, 0.34, -2.09),
(-0.34, 0.33, -2.11),
(-0.35, 0.33, -2.13),
(-0.35, 0.32, -2.15),
(-0.35, 0.32, -2.17),
(-0.35, 0.32, -2.19),
(-0.36, 0.31, -2.2),
(-0.36, 0.31, -2.22),
(-0.36, 0.3, -2.24),
(-0.36, 0.3, -2.26),
(-0.37, 0.3, -2.27),
(-0.37, 0.29, -2.29),
(-0.37, 0.29, -2.3),
(-0.38, 0.29, -2.32),
(-0.38, 0.28, -2.34),
(-0.38, 0.28, -2.35),
(-0.39, 0.28, -2.37),
(-0.39, 0.27, -2.39),
(-0.39, 0.27, -2.41),
(-0.4, 0.27, -2.42),
(-0.4, 0.26, -2.44),
(-0.41, 0.26, -2.45),
(-0.41, 0.26, -2.47),
(-0.41, 0.25, -2.48),
(-0.42, 0.25, -2.5),
(-0.42, 0.25, -2.51),
(-0.43, 0.24, -2.53),
(-0.43, 0.24, -2.54),
(-0.43, 0.24, -2.56),
(-0.44, 0.24, -2.58),
(-0.44, 0.23, -2.59),
(-0.45, 0.23, -2.61),
(-0.45, 0.23, -2.62),
(-0.45, 0.23, -2.64),
(-0.46, 0.22, -2.65),
(-0.46, 0.22, -2.67),
(-0.47, 0.22, -2.68),
(-0.47, 0.22, -2.7),
(-0.48, 0.22, -2.71),
(-0.48, 0.21, -2.72),
(-0.48, 0.21, -2.73),
(-0.49, 0.21, -2.75),
(-0.49, 0.21, -2.76),
(-0.5, 0.21, -2.78),
(-0.5, 0.2, -2.79),
(-0.51, 0.2, -2.8),
(-0.51, 0.2, -2.82),
(-0.52, 0.2, -2.83),
(-0.52, 0.2, -2.84),
(-0.53, 0.2, -2.86),
(-0.53, 0.2, -2.87),
(-0.54, 0.19, -2.88),
(-0.54, 0.19, -2.9),
(-0.55, 0.19, -2.91),
(-0.55, 0.19, -2.92),
(-0.55, 0.19, -2.94),
(-0.56, 0.19, -2.95),
(-0.56, 0.19, -2.96),
(-0.57, 0.19, -2.98),
(-0.57, 0.19, -2.99),
(-0.58, 0.19, -3.01),
(-0.58, 0.19, -3.02),
(-0.59, 0.18, -3.04),
(-0.59, 0.18, -3.05),
(-0.6, 0.18, -3.06),
(-0.6, 0.18, -3.07),
(-0.61, 0.18, -3.09),
(-0.61, 0.18, -3.1),
(-0.62, 0.18, -3.11),
(-0.62, 0.18, -3.12),
(-0.63, 0.18, -3.13),
(-0.63, 0.18, -3.13),
(-0.64, 0.18, -3.14),
(-0.64, 0.18, -3.14),
(-0.65, 0.18, 3.14),
(-0.65, 0.18, 3.13),
(-0.66, 0.18, 3.13),
(-0.66, 0.18, 3.12),
(-0.67, 0.18, 3.11),
(-0.67, 0.18, 3.1),
(-0.68, 0.18, 3.1),
(-0.68, 0.18, 3.09),
(-0.69, 0.18, 3.09),
(-0.69, 0.18, 3.08),
(-0.7, 0.18, 3.08),
(-0.7, 0.18, 3.08),
(-0.71, 0.18, 3.07),
(-0.71, 0.19, 3.07),
(-0.72, 0.19, 3.07),
(-0.72, 0.19, 3.07),
(-0.73, 0.19, 3.07),
(-0.73, 0.19, 3.07),
(-0.74, 0.19, 3.07),
(-0.74, 0.19, 3.07),
(-0.75, 0.19, 3.07),
(-0.75, 0.19, 3.07),
(-0.76, 0.19, 3.07),
(-0.76, 0.19, 3.07),
(-0.77, 0.19, 3.07),
(-0.77, 0.19, 3.08),
(-0.78, 0.19, 3.08),
(-0.78, 0.19, 3.08),
(-0.79, 0.19, 3.08),
(-0.79, 0.19, 3.08),
(-0.8, 0.19, 3.08),
(-0.8, 0.19, 3.08),
(-0.81, 0.19, 3.08),
(-0.81, 0.19, 3.08),
(-0.82, 0.19, 3.08),
(-0.82, 0.19, 3.09),
(-0.83, 0.19, 3.09),
(-0.83, 0.19, 3.09),
(-0.84, 0.19, 3.1),
(-0.84, 0.19, 3.1),
(-0.85, 0.19, 3.1),
(-0.85, 0.19, 3.11),
(-0.86, 0.19, 3.11),
(-0.86, 0.19, 3.12),
(-0.87, 0.19, 3.12),
(-0.87, 0.19, 3.13),
(-0.88, 0.19, 3.13),
(-0.88, 0.19, 3.13),
(-0.89, 0.19, 3.13),
(-0.89, 0.19, 3.14),
(-0.89, 0.19, 3.14),
(-0.9, 0.19, 3.14),
(-0.9, 0.19, 3.14),
(-0.91, 0.19, 3.14),
(-0.91, 0.19, 3.14),
(-0.92, 0.19, -3.14),
(-0.92, 0.19, -3.14),
(-0.93, 0.19, -3.14),
(-0.93, 0.19, -3.13),
(-0.94, 0.19, -3.13),
(-0.94, 0.19, -3.13),
(-0.95, 0.19, -3.13),
(-0.95, 0.19, -3.13),
(-0.96, 0.19, -3.12),
(-0.96, 0.19, -3.12),
(-0.97, 0.19, -3.12),
(-0.97, 0.19, -3.12),
(-0.98, 0.19, -3.12),
(-0.98, 0.19, -3.12),
(-0.99, 0.19, -3.12),
(-0.99, 0.19, -3.12),
(-1.0, 0.19, -3.11),
(-1.0, 0.19, -3.11),
(-1.01, 0.19, -3.11),
(-1.01, 0.19, -3.11),
(-1.02, 0.19, -3.11),
(-1.02, 0.19, -3.11),
(-1.03, 0.19, -3.11),
(-1.03, 0.19, -3.11),
(-1.04, 0.19, -3.11),
(-1.04, 0.19, -3.11),
(-1.05, 0.19, -3.11),
(-1.05, 0.19, -3.11),
(-1.06, 0.19, -3.11),
(-1.06, 0.19, -3.11),
(-1.07, 0.19, -3.11),
(-1.07, 0.19, -3.11),
(-1.08, 0.19, -3.12),
(-1.08, 0.19, -3.12),
(-1.09, 0.19, -3.12),
(-1.09, 0.19, -3.12),
(-1.1, 0.19, -3.12),
(-1.1, 0.19, -3.12),
(-1.11, 0.19, -3.12),
(-1.11, 0.19, -3.13),
(-1.12, 0.19, -3.13),
(-1.12, 0.19, -3.13),
(-1.13, 0.19, -3.13),
(-1.13, 0.19, -3.14),
(-1.14, 0.19, -3.14),
(-1.14, 0.19, -3.14),
(-1.15, 0.19, -3.14),
(-1.15, 0.19, -3.14),
(-1.16, 0.19, -3.14),
(-1.16, 0.19, -3.14),
(-1.17, 0.19, -3.14),
(-1.17, 0.19, -3.14),
(-1.18, 0.19, 3.14),
(-1.18, 0.19, 3.14),
(-1.19, 0.19, 3.14),
(-1.19, 0.19, 3.14),
(-1.2, 0.19, 3.14),
(-1.2, 0.19, 3.14),
(-1.21, 0.19, 3.14),
(-1.21, 0.19, 3.14),
(-1.22, 0.19, 3.13),
(-1.22, 0.19, 3.13),
(-1.23, 0.19, 3.13),
(-1.23, 0.19, 3.13),
(-1.24, 0.19, 3.13),
(-1.24, 0.19, 3.13),
(-1.25, 0.19, 3.13),
(-1.25, 0.19, 3.13),
(-1.26, 0.19, 3.13),
(-1.26, 0.19, 3.13),
(-1.27, 0.19, 3.13),
(-1.27, 0.19, 3.13),
(-1.28, 0.19, 3.13),
(-1.28, 0.19, 3.13),
(-1.29, 0.19, 3.13),
(-1.29, 0.19, 3.13),
(-1.3, 0.19, 3.13),
(-1.3, 0.19, 3.13),
(-1.31, 0.19, 3.13),
(-1.31, 0.19, 3.13),
(-1.32, 0.19, 3.13),
(-1.32, 0.19, 3.13),
(-1.33, 0.19, 3.13),
(-1.33, 0.19, 3.13),
(-1.34, 0.19, 3.13),
(-1.34, 0.19, 3.13),
(-1.35, 0.19, 3.13),
(-1.35, 0.19, 3.14),
(-1.36, 0.19, 3.14),
(-1.36, 0.19, 3.14),
(-1.37, 0.19, 3.14),
(-1.37, 0.19, 3.14),
(-1.38, 0.19, -3.14),
(-1.38, 0.19, -3.14),
(-1.39, 0.19, -3.14),
(-1.39, 0.19, -3.14),
(-1.4, 0.19, -3.14),
(-1.4, 0.19, -3.14),
(-1.41, 0.19, -3.14),
(-1.41, 0.19, -3.14),
(-1.42, 0.19, -3.14),
(-1.42, 0.19, -3.14),
(-1.43, 0.19, -3.14),
(-1.43, 0.19, -3.14),
(-1.44, 0.19, -3.14),
(-1.44, 0.19, -3.14),
(-1.45, 0.19, -3.14),
(-1.45, 0.19, -3.14),
(-1.46, 0.19, -3.14),
(-1.46, 0.19, -3.14),
(-1.47, 0.19, -3.14),
(-1.47, 0.19, -3.14),
(-1.48, 0.19, -3.14),
(-1.48, 0.19, -3.14),
(-1.49, 0.19, -3.14),
(-1.49, 0.19, -3.14),
(-1.5, 0.19, -3.14),
(-1.5, 0.19, -3.14),
(-1.51, 0.19, -3.14),
(-1.51, 0.19, -3.14),
(-1.52, 0.19, -3.14),
(-1.52, 0.19, -3.14),
(-1.53, 0.19, 3.14),
(-1.53, 0.19, 3.14),
(-1.54, 0.19, 3.14),
(-1.54, 0.19, 3.14),
(-1.55, 0.19, 3.14),
(-1.55, 0.19, 3.13),
(-1.56, 0.19, 3.13),
(-1.56, 0.19, 3.13),
(-1.57, 0.19, 3.13),
(-1.57, 0.19, 3.13),
(-1.58, 0.19, 3.13),
(-1.58, 0.19, 3.13),
(-1.59, 0.19, 3.13),
(-1.59, 0.19, 3.13),
